4.484494678498105e-05 0.010000000000000002
6.506233936576938e-05 0.00830217568131975
9.439431434812726e-05 0.006892612104349709
0.0001369499877826556 0.00572236765935022
0.00019869098348974373 0.004750810162102803
0.0002882665968745813 0.0039442060594376644
0.00041822547462473154 0.0032745491628777316
0.0006067735544856828 0.0027185882427329454
0.0008803245348781047 0.0022570197196339213
0.0010565837449999999 0.002051297818880648
0.0010600740150335508 0.001873817422860387
0.0010691834572510725 0.0015556761439304754
0.0010823996981762986 0.0012915496650148853
0.0011015742008541525 0.0010722672220103253
0.0011293931211525307 0.0008902150854450393
0.0011697536113081022 0.000739072203352579
0.001228309771940008 0.0006135907273413176
0.0013132647349430068 0.0005094138014816386
0.001436519840143815 0.0004229242874389507
0.0016153418938656945 0.0003511191734215135
0.0018747820756351413 0.0002915053062825182
0.0021131674899999998 0.0002561298124566986
0.0021265115662814607 0.00024201282647943835
0.0021793102099003205 0.000200923300256505
0.0022559120015281145 0.0001668100537200059
0.0023670480853060665 0.00013848863713938745
0.0025282875139804543 0.0001149756995397738
0.0027622183173295024 9.545484566618348e-05
0.003101611859004972 7.924828983539185e-05
0.0031697512349999997 7.67055922103454e-05
0.0032536304254564747 6.579332246575681e-05
0.0033948696869804664 5.462277217684348e-05
0.003599783672252988 4.534878508128592e-05
0.0038970787792026594 3.764935806792471e-05
0.0042263349799999995 3.238251530469304e-05
0.004256336567809998 3.125715849688242e-05
0.004440275775276256 2.5950242113997373e-05
0.004707140070962035 2.1544346900318864e-05
0.005094314471096017 1.788649529057435e-05
0.0052829187249999994 1.6601658760156446e-05
0.005423363145805325 1.4849682622544666e-05
0.005730120859736506 1.2328467394420684e-05
0.006175173779133493 1.0235310218990268e-05
0.006339502469999999 9.659706314539632e-06
0.006558295606316312 8.497534359086456e-06
0.006984091485592718 7.054802310718645e-06
0.007396086214999998 6.163753072497399e-06
0.007495217155213412 5.857020818056673e-06
0.007927011984589893 4.862601580065353e-06
0.008452669959999999 4.133399947773262e-06
0.008511470656521945 4.037017258596558e-06
0.009041648292522105 3.3516026509388474e-06
0.009509253704999998 2.95767922254936e-06
0.0096866554242849 2.782559402207126e-06
0.010343091391879453 2.310129700083163e-06
0.01056583745 2.1897340325577765e-06
0.010995002770520877 1.917910261672489e-06
0.011622421195 1.6473606646891233e-06
0.011745769900750581 1.5922827933410937e-06
0.012530632480322552 1.3219411484660314e-06
0.012679004939999999 1.2818661009078232e-06
0.013378024415909321 1.0974987654930568e-06
0.013735588684999998 1.0246708544509744e-06
0.014291465968928312 9.111627561154907e-07
0.014792172429999998 8.302483494943558e-07
0.015271790437345166 7.564633275546291e-07
0.015848756175 6.839157399758861e-07
0.016348186894891502 6.28029144183426e-07
0.016905339919999998 5.749586787426119e-07
0.017500820914300105 5.214008287999695e-07
0.017961923664999997 4.857657010985045e-07
0.01877182043092881 4.3287612810830616e-07
0.019018507409999996 4.185174830573228e-07
0.020075091155 3.626873215898275e-07
0.02014209274342306 3.593813663804626e-07
0.021131674899999998 3.1481928394419493e-07
0.02158820663078393 2.98364724028334e-07
0.022188258645 2.780347565414347e-07
0.02324484239 2.491841529583696e-07
0.023298426987064445 2.477076355991714e-07
0.024301426134999998 2.2126859632688056e-07
0.025044129987228058 2.0565123083486517e-07
0.025358009879999997 1.9923048294185476e-07
0.026414593624999996 1.806488951718103e-07
0.027061147263922093 1.7073526474706922e-07
0.02747117737 1.6447257175985147e-07
0.028527761114999994 1.5066815070285457e-07
0.02933346269178339 1.4174741629268075e-07
0.02958434486 1.3891661632201798e-07
0.030640928604999996 1.2812893579750973e-07
0.03169751235 1.1936655070640668e-07
0.03192013549093464 1.1768119524349991e-07
0.032754096095 1.110676052472312e-07
0.033810679839999996 1.0393469331991187e-07
0.034867263584999995 9.800681084310054e-08
0.034925585746893285 9.770099572992247e-08
0.035923847329999994 9.209669029747709e-08
0.03698043107499999 8.7070582667118e-08
0.03803701481999999 8.281771278519158e-08
0.03850913669898445 8.111308307896871e-08
0.039093598565 7.881006913484713e-08
0.04015018231 7.508879608921305e-08
0.041206766054999996 7.189720265594579e-08
0.042263349799999995 6.915037683380568e-08
0.04305462675755027 6.734150657750828e-08
0.043319933544999994 6.666451106370724e-08
0.044376517289999994 6.41938788267598e-08
0.04543310103499999 6.205302077206407e-08
0.04648968478 6.019640328756093e-08
0.047546268525 5.858646840511157e-08
0.048602852269999997 5.719216584948506e-08
0.049659436014999996 5.598779605388731e-08
0.049737672396323866 5.5908101825122226e-08
0.05071601976 5.475658864518818e-08
0.05177260350499999 5.3691104153660466e-08
0.05282918724999999 5.2790277750798415e-08
0.053885770995 5.203998081918526e-08
0.05494235473999999 5.1428891844590705e-08
0.055998938485 5.0948167476856485e-08
0.057055522229999996 5.059119630409739e-08
0.058112105974999995 5.035342443982182e-08
0.05916868971999999 5.023224563380998e-08
0.06022527346499999 5.0226951791550275e-08
0.06128185720999999 5.033874274681098e-08
0.06233844095499999 5.057079708637097e-08
0.06256584078321191 5.064776295469438e-08
0.06845054359671537 5.4718471750967786e-08
0.068677943425 5.496794299600318e-08
0.06940807846644402 5.5908101825122226e-08
0.06973452716999999 5.627335285464958e-08
0.070791110915 5.762973221341394e-08
0.07184769465999999 5.923044635543429e-08
0.072904278405 6.111755517207169e-08
0.07396086214999999 6.334370632907899e-08
0.075017445895 6.597516854691003e-08
0.07550210028852652 6.734150657750828e-08
0.07607402963999998 6.879805212942079e-08
0.07713061338499999 7.188422070404763e-08
0.07818719713 7.558039733821084e-08
0.07924378087499999 8.003589695802305e-08
0.07947467746631706 8.111308307896871e-08
0.08030036462 8.471129850545379e-08
0.08135694836499999 9.021440122521754e-08
0.08241353210999999 9.702094452510077e-08
0.0825103432879491 9.770099572992247e-08
0.08347011585499998 1.042021549718668e-07
0.08452669959999999 1.1314524419051876e-07
0.08498944142059067 1.176811952434999e-07
0.085583283345 1.2344181814044752e-07
0.08663986708999999 1.3585316696118322e-07
0.0870700583583125 1.4174741629268075e-07
0.087696450835 1.5051081741028496e-07
0.08875303457999999 1.689650332550012e-07
0.08884507235854541 1.7073526474706922e-07
0.08980961832499999 1.9042708612670584e-07
0.0904168172962315 2.0565123083486514e-07
0.09086620206999999 2.1789131967054042e-07
0.09177644436123956 2.477076355991714e-07
0.09192278581499999 2.5305475330836286e-07
0.09297873990687822 2.98364724028334e-07
0.09297936956 2.983957959168673e-07
0.09403595330499998 3.5736084203191737e-07
0.0940686734523577 3.593813663804626e-07
0.09504660277691018 4.3287612810830616e-07
0.09509253705 4.371241737415076e-07
0.0959476788133525 5.214008287999695e-07
0.09614912079499999 5.473778340662794e-07
0.09676351501320177 6.28029144183426e-07
0.09720570453999999 7.089127829907132e-07
0.09747598647860707 7.56463327554629e-07
0.09812203183602974 9.111627561154907e-07
0.09826228828499997 9.560052613091553e-07
0.0987569360651905 1.0974987654930568e-06
0.09925464270929649 1.3219411484660314e-06
0.09931887202999999 1.3589840330232452e-06
0.09981638776692342 1.5922827933410937e-06
0.1002383009906843 1.917910261672489e-06
0.10037545577499998 2.0673070274933915e-06
0.10068853768436485 2.310129700083163e-06
0.10109695669513724 2.782559402207126e-06
0.10137846407686685 3.3516026509388474e-06
0.10143203951999999 3.4942908820676452e-06
0.1017804544706123 4.037017258596557e-06
0.1021122051812127 4.862601580065353e-06
0.10234086807756376 5.857020818056673e-06
0.102488623265 6.9491390993197945e-06
0.10252233139570366 7.054802310718645e-06
0.10289396702309006 8.497534359086456e-06
0.10315012104546314 1.0235310218990268e-05
0.10332667807698183 1.2328467394420684e-05
0.10344837199023718 1.4849682622544666e-05
0.10353225088419014 1.788649529057435e-05
0.10354520700999999 1.8493784644909048e-05
0.10382847552274826 2.1544346900318864e-05
0.10408011307670781 2.5950242113997373e-05
0.10425355708174086 3.125715849688242e-05
0.10437310530659262 3.764935806792471e-05
0.1044555052607593 4.534878508128592e-05
0.10451230035290801 5.462277217684348e-05
0.1045514470068692 6.579332246575681e-05
0.10457842927696297 7.924828983539185e-05
0.10459702710910808 9.545484566618347e-05
0.104601790755 0.00010110767599893746

