0.004552367775779748 9.999999999999999e-06
0.004711205406035004 9.111627561154906e-06
0.004902525894003782 8.302175681319752e-06
0.005132972099086212 7.5646332755462914e-06
0.005207040028070707 7.35981523236617e-06
0.005283847880010759 6.892612104349709e-06
0.005410035145826941 6.280291441834259e-06
0.00556202815423811 5.72236765935022e-06
0.005745104270963942 5.214008287999696e-06
0.005965620101697046 4.750810162102793e-06
0.006231232200498165 4.328761281083061e-06
0.0062533005620383835 4.297254978271937e-06
0.006381637398742224 3.944206059437664e-06
0.006547672431193759 3.5938136638046257e-06
0.006747662215588606 3.2745491628777315e-06
0.006988550618907794 2.98364724028334e-06
0.00727870155351304 2.71858824273294e-06
0.007299561096006059 2.701434835181023e-06
0.0074718244446565565 2.4770763559917136e-06
0.007692486713727892 2.2570197196339214e-06
0.007958275198025852 2.0565123083486514e-06
0.008278418368322752 1.8738174228603871e-06
0.008345821629973738 1.8399793448241647e-06
0.00852010575807912 1.7073526474706922e-06
0.008774498068859526 1.5556761439304722e-06
0.00908091450780913 1.4174741629268078e-06
0.009392082163941414 1.3084026754763145e-06
0.009425472464505024 1.2915496650148827e-06
0.00968179085489047 1.1768119524349991e-06
0.009990527263543174 1.0722672220103253e-06
0.010362401360772152 9.770099572992247e-07
0.010438342697909088 9.598793085938955e-07
0.010676388069576648 8.902150854450392e-07
0.011021650658262196 8.111308307896872e-07
0.011437520668652848 7.390722033525776e-07
0.011484603231876767 7.317790438210128e-07
0.011776287578815534 6.734150657750829e-07
0.0121640712675169 6.135907273413175e-07
0.012530863765844445 5.691659526808659e-07
0.012600692241693329 5.590810182512222e-07
0.012992399745162442 5.094138014816385e-07
0.01346421281983693 4.641588833612782e-07
0.01357712429981212 4.5467616219459147e-07
0.013905381795704583 4.229242874389499e-07
0.014398803458520472 3.853528593710535e-07
0.014623384833779798 3.708890749208883e-07
0.014885754518863804 3.511191734215135e-07
0.015393731047447437 3.199267137797384e-07
0.015669645367747474 3.0579267749357034e-07
0.015921502105346028 2.9150530628251817e-07
0.016474018198148366 2.656087782946684e-07
0.016715905901715154 2.5599334561980113e-07
0.017053898796016712 2.4201282647943835e-07
0.017693475040295878 2.2051307399030456e-07
0.01776216643568283 2.184467830724396e-07
0.01829161258994997 2.009233002565046e-07
0.018808426969650505 1.8713473138952599e-07
0.01895996329536998 1.8307382802953697e-07
0.019657022403774333 1.668100537200059e-07
0.01985468750361818 1.628008674732866e-07
0.020356614579545667 1.519911082952933e-07
0.02090094803758586 1.4217687472334929e-07
0.02110727969248177 1.3848863713938745e-07
0.02190484611263881 1.261856883066021e-07
0.021947208571553536 1.255955951309687e-07
0.02272154804841764 1.1497569953977358e-07
0.022993469105521216 1.117318955632967e-07
0.023593311597776365 1.0476157527896661e-07
0.024039729639488895 1.0018285962126114e-07
0.024511651636727534 9.545484566618347e-08
0.025085990173456568 9.032199518887317e-08
0.02548129773629951 8.697490026177834e-08
0.026132250707424247 8.199068215505381e-08
0.026510906004443842 7.924828983539185e-08
0.027178511241391916 7.48282453362505e-08
0.027598366169469132 7.220809018385471e-08
0.02822477177535959 6.860177781267378e-08
0.028753218748681232 6.579332246575683e-08
0.029271032309327275 6.322784085357636e-08
0.029990627452501376 5.99484250318941e-08
0.03031729284329495 5.854816677006258e-08
0.03132132798866891 5.462277217684338e-08
0.031363553377262626 5.446618678354696e-08
0.0324098139112303 5.0803421629031357e-08
0.03273683573793715 4.977023564332114e-08
0.03345607444519798 4.758127471880251e-08
0.034279684115049135 4.534878508128582e-08
0.034502334979165654 4.476323038042289e-08
0.03554859551313333 4.221986291587721e-08
0.03596001684648886 4.132012400115334e-08
0.036594856047101006 3.995498804182546e-08
0.03764111658106868 3.796131901463465e-08
0.03781850434505797 3.764935806792471e-08
0.03868737711503636 3.612826849769685e-08
0.03973363764900404 3.453410178780013e-08
0.039896716687285 3.430469286314919e-08
0.040779898182971716 3.305373360582713e-08
0.04182615871693939 3.1758535431392015e-08
0.04227525654177387 3.125715849688235e-08
0.04287241925090707 3.0578662088836925e-08
0.043918679784874744 2.9514013030220954e-08
0.04496494031884242 2.8590004895127218e-08
0.04510056316049074 2.848035868435805e-08
0.0460112008528101 2.771974331589628e-08
0.04705746138677778 2.695441682331798e-08
0.048103721920745454 2.6290206097185323e-08
0.048710421841189566 2.595024211399737e-08
0.04914998245471313 2.5692150075609206e-08
0.04937518578135255 2.5574973289917177e-08
0.05520235811643883 2.3495430142032458e-08
0.055427545658519185 2.3444184658404964e-08
0.05647380619248687 2.3262842427391713e-08
0.05752006672645454 2.313667156896371e-08
0.05856632726042221 2.3064236022848783e-08
0.059612587794389896 2.3044949089187347e-08
0.06065884832835757 2.307906911022347e-08
0.06170510886232525 2.3167721175323412e-08
0.06275136939629293 2.331294646637159e-08
0.06379762993026061 2.35177823006724e-08
0.0642984314792426 2.3644894126454072e-08
0.06484389046422828 2.377380862378458e-08
0.06589015099819596 2.4081574993837055e-08
0.06693641153216363 2.4458658413919065e-08
0.06798267206613132 2.4912941518327254e-08
0.069028932600099 2.5454230400130302e-08
0.06984785686869037 2.5950242113997372e-08
0.07007519313406667 2.608184636877489e-08
0.07112145366803435 2.6769460091116572e-08
0.07216771420200202 2.7578144042305587e-08
0.07316363053906991 2.848035868435805e-08
0.0732139747359697 2.852473716994552e-08
0.07426023526993737 2.9544894253595567e-08
0.07530649580390505 3.074909732074658e-08
0.0757000137278973 3.125715849688235e-08
0.07635275633787272 3.209416152437239e-08
0.0773990168718404 3.3641498954175306e-08
0.07779842555169719 3.430469286314919e-08
0.07844527740580809 3.538820196520706e-08
0.07949153793977576 3.7422194936215946e-08
0.07959871449801621 3.7649358067924714e-08
0.08053779847374344 3.969299494139856e-08
0.08118756092440003 4.132012400115334e-08
0.08158405900771111 4.234957626585091e-08
0.08259850021429227 4.534878508128582e-08
0.08263031954167879 4.544735136175413e-08
0.08367658007564646 4.898825788657947e-08
0.08388502460266009 4.9770235643321133e-08
0.08472284060961414 5.314231485717212e-08
0.0850571979662476 5.462277217684337e-08
0.08576910114358183 5.805047441214169e-08
0.08613209485182721 5.99484250318941e-08
0.0868153616775495 6.389120213194287e-08
0.08712318230618141 6.579332246575683e-08
0.08786162221151717 7.091236204434633e-08
0.08803884762241845 7.220809018385471e-08
0.08888614858072576 7.924828983539185e-08
0.08890788274548485 7.944753072029765e-08
0.08969958581242261 8.697490026177834e-08
0.08995414327945253 8.97970634497609e-08
0.09045541678657633 9.545484566618347e-08
0.09100040381342021 1.0279503649552986e-07
0.09114684477615977 1.0476157527896662e-07
0.09181501984579399 1.1497569953977358e-07
0.09204666434738788 1.191585602446798e-07
0.09244632416938718 1.261856883066021e-07
0.09301602416401938 1.3848863713938745e-07
0.09309292488135557 1.4036300417959876e-07
0.09359639755964555 1.519911082952933e-07
0.09409554560938814 1.668100537200059e-07
0.09413918541532323 1.6825785839503326e-07
0.09462570162307905 1.8307382802953697e-07
0.0950771578997308 2.009233002565046e-07
0.09518544594929092 2.0586456300648647e-07
0.09554861675539396 2.2051307399030458e-07
0.09597263298517893 2.4201282647943835e-07
0.0962317064832586 2.584886019859232e-07
0.09636428262262128 2.656087782946684e-07
0.09678112503096063 2.9150530628251817e-07
0.09712719492150639 3.199267137797384e-07
0.09727796701722627 3.3484552254673776e-07
0.09748404195513807 3.511191734215135e-07
0.09784404741997321 3.853528593710535e-07
0.09814293028150287 4.2292428743894996e-07
0.09832422755119394 4.5147861070892555e-07
0.09843264703471627 4.6415888336127815e-07
0.09876680535729254 5.094138014816385e-07
0.09904422946723286 5.590810182512222e-07
0.09927455183712869 6.135907273413175e-07
0.09937048808516162 6.408296405548751e-07
0.09954049495088332 6.734150657750828e-07
0.09982375032223822 7.390722033525774e-07
0.10005891390780482 8.111308307896873e-07
0.1002541508479271 8.902150854450392e-07
0.10041623998556495 9.770099572992247e-07
0.10041674861912929 9.773090652789996e-07
0.10068975048506007 1.0722672220103253e-06
0.10091726135680154 1.1768119524349991e-06
0.10110614487946235 1.2915496650148827e-06
0.101262959298306 1.4174741629268078e-06
0.1013931493837664 1.5556761439304722e-06
0.10146300915309697 1.647097750270782e-06
0.10155769298510199 1.7073526474706922e-06
0.10177995999556592 1.873817422860387e-06
0.10196448997246926 2.0565123083486514e-06
0.1021176900011414 2.2570197196339214e-06
0.10224487935638334 2.4770763559917136e-06
0.10235047419358456 2.71858824273294e-06
0.10243814088253306 2.98364724028334e-06
0.10250926968706466 3.2666250461289114e-06
0.10251490815645245 3.274549162877732e-06
0.10272094446015893 3.5938136638046257e-06
0.10289199941916904 3.944206059437664e-06
0.10303401225125533 4.328761281083061e-06
0.10315191379935354 4.750810162102793e-06
0.10324979773589463 5.214008287999695e-06
0.10333106269964897 5.72236765935022e-06
0.10339853030023141 6.280291441834259e-06
0.10345454308751467 6.892612104349709e-06
0.10350104588755728 7.564633275546291e-06
0.10353965332911998 8.302175681319752e-06
0.10355553022103232 8.665619576328674e-06
0.10365687256090635 9.111627561154906e-06
0.1038235908041743 9.999999999999999e-06

