7.861610792247261e-07 0.01
1.140585118272646e-06 0.00830217568131975
1.6547937139141162e-06 0.006892612104349709
2.4008223426209085e-06 0.00572236765935022
3.48318214673036e-06 0.004750810162102803
5.0535008992197135e-06 0.0039442060594376644
7.331764536743078e-06 0.0032745491628777316
1.0637134987062753e-05 0.0027185882427329454
1.5432661559976607e-05 0.0022570197196339213
2.2390149520002097e-05 0.001873817422860387
3.2484273278446045e-05 0.0015556761439304754
4.712911852089639e-05 0.0012915496650148853
6.837628145526235e-05 0.0010722672220103255
9.920227690183295e-05 0.0008902150854450393
0.0001439255182215021 0.000739072203352579
0.00020881128379569752 0.0006135907273413176
0.0003029494198054803 0.0005094138014816386
0.0004395277366824381 0.0004229242874389507
0.0006376794893260681 0.0003511191734215135
0.0009251637545708522 0.0002915053062825182
0.0010565837449999999 0.00027169454106505426
0.001061151960435353 0.00024201282647943835
0.0010708286688170558 0.000200923300256505
0.0010848679158183432 0.0001668100537200059
0.0011052364593962239 0.00013848863713938745
0.0011347877285950614 0.0001149756995397738
0.001177661560389816 9.545484566618347e-05
0.0012398641494020398 7.924828983539185e-05
0.0013301094556379303 6.579332246575681e-05
0.0014610399430491376 5.462277217684348e-05
0.0016509976621678177 4.534878508128592e-05
0.0019265937877626506 3.764935806792471e-05
0.0021131674899999998 3.4074066941600916e-05
0.0021332839345764966 3.125715849688242e-05
0.0021880017492671815 2.5950242113997373e-05
0.0022673879295168346 2.1544346900318864e-05
0.0023825636844378986 1.788649529057435e-05
0.002549663984262371 1.4849682622544664e-05
0.0027920979081430155 1.2328467394420684e-05
0.0031438280217927534 1.0235310218990268e-05
0.0031697512349999997 1.011010022876597e-05
0.0032684211839319887 8.497534359086456e-06
0.0034192357551450043 7.0548023107186455e-06
0.0036380418752773713 5.857020818056673e-06
0.003955492091276452 4.862601580065353e-06
0.0042263349799999995 4.305835693847034e-06
0.004282892747527802 4.037017258596558e-06
0.004482088548188118 3.3516026509388474e-06
0.004771087548341648 2.782559402207126e-06
0.005190375614720939 2.310129700083163e-06
0.005282918724999999 2.229117250645127e-06
0.00547634608541132 1.917910261672489e-06
0.005807328484001079 1.5922827933410937e-06
0.006287527273050714 1.3219411484660314e-06
0.006339502469999999 1.298438682791906e-06
0.006624987461442856 1.0974987654930568e-06
0.0070725683846391595 9.111627561154905e-07
0.007396086214999998 8.198526517896186e-07
0.007566187795636917 7.564633275546291e-07
0.008058001441179349 6.28029144183426e-07
0.008452669959999999 5.595407877911408e-07
0.00862545428719039 5.214008287999695e-07
0.009186405535108116 4.328761281083061e-07
0.009509253704999998 3.96994336205788e-07
0.009795481831158196 3.593813663804626e-07
0.010483803998554397 2.98364724028334e-07
0.010565837449999999 2.925430662934882e-07
0.011144038753445565 2.477076355991714e-07
0.011622421195 2.218676293633677e-07
0.011917698966944057 2.0565123083486514e-07
0.012679004939999999 1.746032240392586e-07
0.012770865156987447 1.7073526474706922e-07
0.013641498132234581 1.4174741629268075e-07
0.013735588684999998 1.3923104989195174e-07
0.01456561076373123 1.1768119524349991e-07
0.01479217243 1.1300106927459235e-07
0.015603609290822093 9.770099572992247e-08
0.015848756175 9.385996902944727e-08
0.016686274148826764 8.111308307896873e-08
0.016905339919999998 7.831848161163762e-08
0.017899566523794874 6.734150657750828e-08
0.017961923664999997 6.674141074258719e-08
0.019018507409999996 5.72975658873458e-08
0.019198774566405917 5.5908101825122226e-08
0.020075091155 4.9749859892022e-08
0.020627396153136024 4.641588833612782e-08
0.021131674899999998 4.360176447838608e-08
0.022188258644999997 3.871470540602103e-08
0.022229103496532013 3.8535285937105354e-08
0.02324484239 3.428855004359532e-08
0.023935263760813542 3.199267137797384e-08
0.024301426134999998 3.081191816900013e-08
0.025358009879999997 2.7774536867620817e-08
0.025856374041820205 2.656087782946684e-08
0.026414593624999996 2.5211599998100104e-08
0.027471177369999995 2.3024416676820312e-08
0.02802379700554705 2.2051307399030457e-08
0.028527761114999994 2.1150031263061746e-08
0.029584344859999993 1.9472443322965553e-08
0.030479808101716792 1.8307382802953696e-08
0.030640928605 1.8090744928595286e-08
0.03169751235 1.677180365367419e-08
0.032754096095 1.568917616124133e-08
0.033298406273962744 1.519911082952933e-08
0.033810679839999996 1.4710925880121945e-08
0.034867263584999995 1.3812775704102314e-08
0.035923847329999994 1.3059984928718335e-08
0.036633876969499816 1.2618568830660209e-08
0.03698043107499999 1.2385775300756318e-08
0.03803701481999999 1.1737753125585075e-08
0.039093598565 1.1185758454705883e-08
0.04015018231 1.0713496590782165e-08
0.040746539793951625 1.047615752789666e-08
0.041206766054999996 1.0273473688288442e-08
0.042263349799999995 9.852468281331109e-09
0.043319933544999994 9.488679214043666e-09
0.04437651728999999 9.173667032376077e-09
0.04543310103499999 8.900511276752773e-09
0.04633042420855814 8.697490026177834e-09
0.04648968477999999 8.656567661021784e-09
0.047546268525 8.40899573571272e-09
0.048602852269999997 8.194627907196237e-09
0.04965943601499999 8.00958436755301e-09
0.050716019759999995 7.850655473963312e-09
0.051772603504999994 7.715193861276041e-09
0.05282918724999999 7.601029053224555e-09
0.053885770995 7.506400171139845e-09
0.05494235473999999 7.429903408437024e-09
0.055998938485 7.370451769869339e-09
0.05705552222999999 7.327245233015265e-09
0.058112105974999995 7.2997500260092225e-09
0.058214888567129544 7.2985764754507745e-09
0.06223565836287039 7.341635770470017e-09
0.06233844095499999 7.345046872706088e-09
0.0633950247 7.3969873817728015e-09
0.06445160844499999 7.466884679562822e-09
0.06550819219 7.556175755056221e-09
0.06656477593499999 7.666709142162676e-09
0.06762135967999999 7.80081911459249e-09
0.068677943425 7.961422647141164e-09
0.06973452716999999 8.152145737836668e-09
0.070791110915 8.377488114935753e-09
0.07184769465999999 8.643038744066916e-09
0.07204166682944596 8.697490026177834e-09
0.072904278405 8.911909750114413e-09
0.07396086214999999 9.217928460149812e-09
0.07501744589499999 9.579438941824841e-09
0.07607402963999998 1.0007969742506508e-08
0.07705059747404899 1.0476157527896659e-08
0.07713061338499999 1.0511097875926508e-08
0.07818719713 1.1018348829691514e-08
0.079243780875 1.1629705690999394e-08
0.08030036462 1.2372127376665057e-08
0.08061423077512994 1.2618568830660209e-08
0.08135694836499999 1.3168950568219656e-08
0.08241353210999999 1.4102737540239838e-08
0.08341417302354875 1.519911082952933e-08
0.083470115855 1.5258241957531347e-08
0.08452669959999999 1.648520015851878e-08
0.085583283345 1.8059562557570406e-08
0.08573394710011878 1.8307382802953696e-08
0.08663986708999999 1.9804634549942904e-08
0.08769240525664586 2.2051307399030457e-08
0.087696450835 2.2060127703094777e-08
0.08875303457999999 2.459268899073625e-08
0.0894101579430751 2.656087782946684e-08
0.089809618325 2.7831201261212276e-08
0.09086620206999997 3.194449442019841e-08
0.09087758180633827 3.199267137797383e-08
0.09192278581499999 3.692970921263439e-08
0.09221233874001918 3.8535285937105354e-08
0.09297936956 4.342774515699802e-08
0.09338949114955183 4.641588833612782e-08
0.09403595330499998 5.203067429467693e-08
0.094439433493969 5.5908101825122226e-08
0.09509253705 6.371314496415728e-08
0.09537751559386373 6.734150657750828e-08
0.09614912079499999 8.019826637699707e-08
0.09620306816484167 8.111308307896871e-08
0.09699842395853556 9.770099572992247e-08
0.09720570453999999 1.0360135431423722e-07
0.09772007535949959 1.1768119524349992e-07
0.09826228828499999 1.4007685653336423e-07
0.0983075016351273 1.4174741629268075e-07
0.09894479932748168 1.7073526474706922e-07
0.09931887202999999 1.986046166384863e-07
0.09943521382099037 2.0565123083486514e-07
0.09997553536825293 2.477076355991714e-07
0.10034795805194323 2.98364724028334e-07
0.10037545577499998 3.0302499609673464e-07
0.10084251979753052 3.593813663804626e-07
0.1012030717926768 4.3287612810830616e-07
0.10143203952 5.116448499333101e-07
0.10148053126401489 5.214008287999695e-07
0.10190547185670326 6.28029144183426e-07
0.1021983669239826 7.564633275546291e-07
0.10240024813258598 9.111627561154905e-07
0.102488623265 1.0127892391743436e-06
0.10266233185090984 1.0974987654930568e-06
0.1029904615837947 1.3219411484660314e-06
0.10321662868066261 1.5922827933410937e-06
0.10337251688761034 1.917910261672489e-06
0.10347996458182368 2.3101297000831633e-06
0.10354520700999997 2.7051145984895045e-06
0.10360088701341373 2.782559402207126e-06
0.1039232448879807 3.3516026509388474e-06
0.10414543366679796 4.037017258596558e-06
0.10429857977343061 4.862601580065353e-06
0.10440413744426166 5.857020818056673e-06
0.10447689425222934 7.0548023107186455e-06
0.10452704269775653 8.497534359086456e-06
0.10456160807602205 1.0235310218990268e-05
0.10458543265048448 1.2328467394420684e-05
0.104601790755 1.4835618012844226e-05

