7.861610792247261e-06 0.01
1.1405851182726579e-05 0.00830217568131975
1.654793713914163e-05 0.006892612104349709
2.4008223426208498e-05 0.00572236765935022
3.4831821467303596e-05 0.004750810162102803
5.0535008992196666e-05 0.0039442060594376644
7.33176453674302e-05 0.0032745491628777316
0.00010637134987062707 0.0027185882427329454
0.00015432661559976654 0.0022570197196339213
0.00022390149520002133 0.001873817422860387
0.0003248427327844609 0.0015556761439304754
0.00047129118520896355 0.0012915496650148853
0.0006837628145526231 0.0010722672220103253
0.00099202276901833 0.0008902150854450393
0.0010565837449999999 0.0008604944293935977
0.0010627031232410696 0.000739072203352579
0.0010730791404557226 0.0006135907273413175
0.0010881329648369095 0.0005094138014816386
0.0011099734864755595 0.0004229242874389507
0.0011416603438062767 0.0003511191734215135
0.0011876325483217757 0.0002915053062825182
0.0012543303456437633 0.00024201282647943835
0.0013510974294607915 0.000200923300256505
0.0014914898994736665 0.0001668100537200059
0.001695175335252471 0.00013848863713938745
0.0019906880272408463 0.0001149756995397738
0.0021131674899999998 0.00010780811640151581
0.002142055123663768 9.545484566618347e-05
0.002200727242816624 7.924828983539185e-05
0.002285850441778931 6.579332246575681e-05
0.002409349628551081 5.462277217684348e-05
0.00258852580284096 4.534878508128592e-05
0.002848479752921524 3.764935806792471e-05
0.0031697512349999997 3.19414247314286e-05
0.0031811336911055027 3.125715849688242e-05
0.003292596548549581 2.5950242113997373e-05
0.003454310069862838 2.1544346900318864e-05
0.00368892870045603 1.788649529057435e-05
0.004029320161691937 1.4849682622544668e-05
0.0042263349799999995 1.3612873847778539e-05
0.004314823555489681 1.2328467394420684e-05
0.0045284146832998435 1.0235310218990268e-05
0.004838298838358228 8.497534359086456e-06
0.0052829187249999994 7.065830745618582e-06
0.005284782209916883 7.0548023107186455e-06
0.005529402100513538 5.857020818056673e-06
0.005884303677583695 4.862601580065353e-06
0.006339502469999999 4.105463742612238e-06
0.00636593943771053 4.037017258596558e-06
0.0066967340567958035 3.3516026509388474e-06
0.007176660409936326 2.782559402207126e-06
0.007396086214999999 2.5934309785177654e-06
0.007645024834453951 2.310129700083163e-06
0.008172380485906511 1.917910261672489e-06
0.008452669959999999 1.7693715914067964e-06
0.008715373986872128 1.5922827933410937e-06
0.009316863623160082 1.3219411484660314e-06
0.009509253704999998 1.2566420841080566e-06
0.009905818910906743 1.0974987654930568e-06
0.010565837449999999 9.252054672679219e-07
0.010615069975844707 9.111627561154906e-07
0.01129054328296898 7.564633275546291e-07
0.011622421195 7.017183581900233e-07
0.0120617925967059 6.28029144183426e-07
0.012679004939999999 5.511590213333085e-07
0.012910426403990354 5.214008287999695e-07
0.013735588684999998 4.4022554957879293e-07
0.013812544578991715 4.3287612810830616e-07
0.014774181877504044 3.593813663804626e-07
0.014792172429999997 3.5824644938873085e-07
0.01583210943936091 2.98364724028334e-07
0.015848756175 2.975682006703754e-07
0.016905339919999998 2.4823052525972745e-07
0.016918215185463818 2.4770763559917145e-07
0.017961923664999997 2.1076140015620843e-07
0.018125868930127794 2.0565123083486517e-07
0.019018507409999996 1.808821136086671e-07
0.019449581575698392 1.7073526474706922e-07
0.020075091155 1.5731138158290976e-07
0.020919375724304797 1.4174741629268075e-07
0.0211316749 1.3812940984987332e-07
0.022188258644999997 1.2212649465552633e-07
0.022519634062711107 1.1768119524349991e-07
0.02324484239 1.0842176130126164e-07
0.02430054746183041 9.770099572992247e-08
0.024301426134999995 9.769234283819703e-08
0.025358009879999997 8.774628844042493e-08
0.02624992816576028 8.111308307896871e-08
0.026414593624999996 7.989760449453664e-08
0.027471177369999995 7.273556518077979e-08
0.02847424883175168 6.734150657750828e-08
0.028527761114999998 6.704925273500038e-08
0.029584344859999997 6.155590855010462e-08
0.030640928604999996 5.715191142143647e-08
0.03097359706064235 5.5908101825122226e-08
0.03169751235 5.3087336839612845e-08
0.032754096095 4.954221989055839e-08
0.033810679839999996 4.661030300510736e-08
0.03388582852850103 4.641588833612782e-08
0.034867263584999995 4.370902458616836e-08
0.035923847329999994 4.1243974182812686e-08
0.03698043107499999 3.9165665715054676e-08
0.03733403286085915 3.8535285937105354e-08
0.03803701481999999 3.7172600140119654e-08
0.039093598565 3.536506645267923e-08
0.04015018231 3.381862176150875e-08
0.041206766054999996 3.249042942846796e-08
0.04143416588333125 3.223260900815497e-08
0.04731886869674859 2.6792143725620117e-08
0.047546268525 2.6647289544359005e-08
0.047696479850400444 2.656087782946684e-08
0.048602852269999997 2.5963003052557723e-08
0.049659436014999996 2.5357068884723063e-08
0.050716019759999995 2.483664840926184e-08
0.051772603505 2.439307269883467e-08
0.05282918724999999 2.4019234422199572e-08
0.05388577099499999 2.3709367495585033e-08
0.05494235473999999 2.345887508531365e-08
0.055998938485 2.326419777201013e-08
0.057055522229999996 2.312271584292378e-08
0.058112105974999995 2.303268143583899e-08
0.05916868972 2.2993177744577132e-08
0.06022527346499999 2.3004103817821026e-08
0.06128185720999999 2.306618473239209e-08
0.06233844095499999 2.318100818727121e-08
0.0633950247 2.335108993775506e-08
0.06445160844499999 2.357997207572079e-08
0.06550819219 2.387236009223015e-08
0.06656477593499999 2.4234307102449633e-08
0.06762135967999999 2.4673456800403236e-08
0.068677943425 2.5199360963465698e-08
0.06973452716999999 2.582389310044412e-08
0.07078987411668525 2.656087782946684e-08
0.070791110915 2.656163329695826e-08
0.07184769465999999 2.7283556115164574e-08
0.072904278405 2.813371465803405e-08
0.07396086214999999 2.913578796880539e-08
0.07501744589499999 3.0319571813945877e-08
0.07607402963999998 3.1722816988585354e-08
0.07625834576785115 3.199267137797384e-08
0.07713061338499999 3.315585721921063e-08
0.07818719713 3.481687540523076e-08
0.07924378087499999 3.681879350364604e-08
0.08001510855144613 3.8535285937105354e-08
0.08030036462 3.912856262908246e-08
0.08135694836499999 4.160078752642416e-08
0.08241353211 4.465851887395899e-08
0.08293874381972464 4.641588833612782e-08
0.08347011585499998 4.8131104654544494e-08
0.0845266996 5.2148839604473864e-08
0.0853323714471679 5.5908101825122226e-08
0.08558328334499998 5.706713939418771e-08
0.08663986708999999 6.264368505431863e-08
0.08736055302187887 6.734150657750828e-08
0.087696450835 6.957795352909461e-08
0.08875303458 7.787094997347753e-08
0.089107490716513 8.111308307896873e-08
0.08980961832499999 8.793183878302483e-08
0.09062907172509055 9.770099572992247e-08
0.09086620206999999 1.0077282042770307e-07
0.09192278581499998 1.1707036684726537e-07
0.09195885759937901 1.176811952434999e-07
0.09297936956 1.3755957502669746e-07
0.0931675840069568 1.4174741629268075e-07
0.09403595330499999 1.647800204758029e-07
0.09423887553259126 1.7073526474706922e-07
0.09509253705 2.0189024270401598e-07
0.09518926568905785 2.0565123083486511e-07
0.09605721008762848 2.477076355991714e-07
0.09614912079499999 2.5334088602170215e-07
0.09687092953834385 2.98364724028334e-07
0.09720570453999999 3.274666206340107e-07
0.09758749184087778 3.593813663804626e-07
0.09819878098043527 4.3287612810830616e-07
0.09826228828499999 4.4252494956976235e-07
0.09884264139964555 5.214008287999695e-07
0.09931365040932541 6.28029144183426e-07
0.09931887202999999 6.294601214582731e-07
0.09988892258070362 7.564633275546291e-07
0.10028825921715784 9.111627561154906e-07
0.10037545577499998 9.562924475394527e-07
0.1007586677264197 1.0974987654930568e-06
0.10114527581264549 1.3219411484660314e-06
0.1014117497701214 1.5922827933410937e-06
0.10143203951999999 1.6179579311768143e-06
0.10183735447463316 1.917910261672489e-06
0.10215141625476529 2.310129700083163e-06
0.10236788685749053 2.782559402207126e-06
0.102488623265 3.2065571533167194e-06
0.1025860200898717 3.3516026509388474e-06
0.10293786284701109 4.037017258596558e-06
0.10318037441167979 4.862601580065353e-06
0.10334752822628783 5.857020818056673e-06
0.10346274086687338 7.0548023107186455e-06
0.10354215247098077 8.497534359086456e-06
0.10354520700999999 8.565556863609436e-06
0.10387157137200458 1.0235310218990268e-05
0.10410981711662884 1.2328467394420684e-05
0.10427403066694951 1.4849682622544666e-05
0.10438721669741338 1.788649529057435e-05
0.10446523143777525 2.1544346900318864e-05
0.10451900397214883 2.5950242113997373e-05
0.10455606729427931 3.125715849688242e-05
0.10458161360455373 3.764935806792471e-05
0.1045992216852956 4.534878508128592e-05
0.104601790755 4.679715634609312e-05

