4.484494678498105e-06 0.01
6.506233936576927e-06 0.00830217568131975
9.439431434812749e-06 0.006892612104349709
1.3694998778265581e-05 0.00572236765935022
1.986909834897435e-05 0.004750810162102803
2.8826659687458155e-05 0.0039442060594376644
4.1822547462473176e-05 0.0032745491628777316
6.067735544856826e-05 0.0027185882427329454
8.80324534878105e-05 0.0022570197196339213
0.0001277200169617205 0.001873817422860387
0.00018529987619805323 0.0015556761439304754
0.00026883839303987113 0.0012915496650148853
0.00039003847738684685 0.0010722672220103253
0.0005658790477135766 0.0008902150854450393
0.0008209936075707326 0.000739072203352579
0.0010565837449999999 0.0006490318212376246
0.0010587121988707277 0.0006135907273413175
0.0010672076951710277 0.0005094138014816386
0.0010795332056911084 0.0004229242874389507
0.0010974154110632963 0.0003511191734215135
0.0011233594292402412 0.0002915053062825182
0.0011609997574411747 0.00024201282647943838
0.0012156094288271208 0.000200923300256505
0.0012948387116580586 0.0001668100537200059
0.0014097868352887762 0.00013848863713938745
0.00157655688108633 0.0001149756995397738
0.0018185116629205098 9.545484566618347e-05
0.0021131674899999998 8.113661413567832e-05
0.0021186184324826635 7.924828983539185e-05
0.0021678586242325068 6.579332246575681e-05
0.0022392977114818378 5.462277217684348e-05
0.002342943595172649 4.534878508128592e-05
0.0024933160260039236 3.764935806792471e-05
0.0027114806761463234 3.125715849688242e-05
0.00302800022902342 2.5950242113997373e-05
0.0031697512349999997 2.4218137055040823e-05
0.0032325158605274996 2.1544346900318864e-05
0.0033642360685360905 1.788649529057435e-05
0.0035553395370244234 1.4849682622544664e-05
0.003832597948777688 1.2328467394420684e-05
0.0042263349799999995 1.0266061373106231e-05
0.004228838574000603 1.0235310218990268e-05
0.00440038089450668 8.497534359086456e-06
0.004649259429826873 7.0548023107186455e-06
0.005010339571219324 5.857020818056673e-06
0.0052829187249999994 5.248969063246651e-06
0.005377504398043725 4.862601580065353e-06
0.005663587668738189 4.037017258596558e-06
0.006078645510907962 3.3516026509388474e-06
0.006339502469999999 3.0524007984212476e-06
0.006494641246739077 2.782559402207126e-06
0.006891739908841334 2.310129700083163e-06
0.007396086214999999 1.9529470109816638e-06
0.007430665982526091 1.917910261672489e-06
0.007833359285569462 1.5922827933410937e-06
0.00841759831853237 1.3219411484660314e-06
0.008452669959999999 1.308714679988503e-06
0.008926657182870832 1.0974987654930568e-06
0.009509253704999998 9.367855151842474e-07
0.00958852152221026 9.111627561154906e-07
0.010200715902603474 7.564633275546291e-07
0.010565837449999999 6.918399265663747e-07
0.010873503617856703 6.28029144183426e-07
0.011622421195 5.222804137216771e-07
0.011628436860929499 5.214008287999695e-07
0.012360402329481723 4.3287612810830616e-07
0.012679004939999999 4.0469738647167534e-07
0.013203698269021315 3.593813663804626e-07
0.013735588684999998 3.23906773559935e-07
0.01411758247848309 2.98364724028334e-07
0.014792172429999997 2.626675331886206e-07
0.015089136820185322 2.477076355991714e-07
0.015848756175 2.1643096699287762e-07
0.01614294367254193 2.0565123083486514e-07
0.016905339919999998 1.8187129552803352e-07
0.01728345472141617 1.7073526474706922e-07
0.017961923664999997 1.535655889580965e-07
0.018514584157481122 1.4174741629268075e-07
0.019018507409999996 1.3214273083595065e-07
0.01987124812121197 1.1768119524349992e-07
0.020075091155 1.1456371240218913e-07
0.0211316749 9.973904043201074e-08
0.021304356827268518 9.770099572992247e-08
0.022188258644999997 8.789473743348174e-08
0.022956685986087445 8.111308307896871e-08
0.023244842390000003 7.866926209529171e-08
0.024301426134999998 7.0052042363614e-08
0.024695077292368063 6.734150657750828e-08
0.025358009879999997 6.290089276397232e-08
0.026414593624999996 5.722634434653013e-08
0.02667714580993307 5.5908101825122226e-08
0.027471177369999995 5.193678389918772e-08
0.028527761114999998 4.772111317007113e-08
0.02888776519030913 4.641588833612782e-08
0.02958434486 4.3842165960540914e-08
0.030640928604999992 4.0547764200810466e-08
0.03140539888881423 3.8535285937105354e-08
0.03169751235 3.773618512322338e-08
0.032754096095 3.509655255458659e-08
0.033810679839999996 3.2918264316259824e-08
0.034317973397320525 3.199267137797384e-08
0.034867263584999995 3.09270510497298e-08
0.035923847329999994 2.9103086735300606e-08
0.03698043107499999 2.756818608780443e-08
0.03778008272766818 2.656087782946684e-08
0.03803701481999999 2.6209817138176636e-08
0.039093598565 2.487948241317621e-08
0.04015018231 2.3743059394147908e-08
0.041206766054999996 2.2768392875333938e-08
0.04209899547973134 2.2051307399030457e-08
0.042263349799999995 2.190465253981648e-08
0.043319933544999994 2.1032536715826106e-08
0.044376517289999994 2.0278041329115778e-08
0.04543310103499999 1.9624254212719486e-08
0.04616374442198883 1.9232176231125244e-08
0.050184514217697734 1.7473212807007896e-08
0.05071601976 1.728156903588283e-08
0.051772603504999994 1.6956185467479987e-08
0.05282918724999999 1.6681086100191696e-08
0.05388577099499999 1.645195625840493e-08
0.05494235473999999 1.626533851525964e-08
0.055998938485 1.6118532239396078e-08
0.05705552222999999 1.6009518401153567e-08
0.058112105974999995 1.5936906309397216e-08
0.059168689719999994 1.58999000529679e-08
0.06022527346499999 1.5898283390033134e-08
0.06128185721 1.5932422732489197e-08
0.06233844095499999 1.6003288774810594e-08
0.0633950247 1.6112498282920253e-08
0.06445160844499999 1.6262378662665015e-08
0.06550819219 1.645605925943858e-08
0.06656477593499999 1.669759501701263e-08
0.06762135967999999 1.6992130302133177e-08
0.068677943425 1.734611360073806e-08
0.06973452716999999 1.776757772255172e-08
0.070791110915 1.8266505562172192e-08
0.07086848148866078 1.8307382802953696e-08
0.07184769465999999 1.8762280769587765e-08
0.072904278405 1.9338576535133392e-08
0.07396086214999999 2.0018410932565652e-08
0.07501744589499999 2.0822021471586688e-08
0.07607402963999998 2.1775054133243992e-08
0.07634947973218738 2.2051307399030457e-08
0.07713061338499999 2.2764428374801976e-08
0.07818719713 2.3893187312388038e-08
0.07924378087499999 2.5253832518244918e-08
0.08009937127067257 2.656087782946684e-08
0.08030036462 2.6847694794404257e-08
0.08135694836499999 2.852826285004693e-08
0.08241353210999999 3.0606882825293085e-08
0.08301599367334028 3.199267137797384e-08
0.08347011585499998 3.299994324018224e-08
0.08452669959999998 3.573103346781914e-08
0.08540034659460219 3.8535285937105354e-08
0.085583283345 3.911638619305349e-08
0.08663986708999999 4.2906632789879164e-08
0.08742202882958355 4.641588833612782e-08
0.087696450835 4.7673065855847474e-08
0.08875303457999999 5.330871672770622e-08
0.08916575425696854 5.5908101825122226e-08
0.08980961832499999 6.021246257793342e-08
0.09067793452512835 6.734150657750828e-08
0.09086620206999999 6.902067087143213e-08
0.09192278581499999 8.009301589851649e-08
0.09201023114004306 8.111308307896871e-08
0.09297936956 9.411464517453426e-08
0.09321332146598892 9.770099572992245e-08
0.09403595330499999 1.1273061758406551e-07
0.09428077817076719 1.1768119524349992e-07
0.09509253705 1.3809024607748092e-07
0.09522903702336934 1.4174741629268075e-07
0.0960848671910228 1.7073526474706922e-07
0.09614912079499999 1.7344850408272384e-07
0.0968982846665287 2.0565123083486514e-07
0.09720570453999999 2.240647027444152e-07
0.09761610833115363 2.477076355991714e-07
0.09821861239372437 2.98364724028334e-07
0.09826228828499999 3.029372935715892e-07
0.09886488448738034 3.593813663804626e-07
0.09931887203 4.3056150667145866e-07
0.0993370284795841 4.3287612810830616e-07
0.09990789722805957 5.214008287999695e-07
0.10030137491263326 6.28029144183426e-07
0.10037545577499998 6.544524881817901e-07
0.10077712036319247 7.564633275546291e-07
0.10115801329956953 9.111627561154906e-07
0.1014205480259429 1.0974987654930568e-06
0.10143203951999999 1.1075206730910977e-06
0.10185240843424484 1.3219411484660314e-06
0.10216180025728164 1.592282793341094e-06
0.10237505203972667 1.917910261672489e-06
0.102488623265 2.1927925554389005e-06
0.10260293606530368 2.310129700083163e-06
0.10294952469522525 2.782559402207126e-06
0.10318841479380803 3.3516026509388474e-06
0.10335307247231809 4.037017258596558e-06
0.10346656462311535 4.862601580065353e-06
0.10354479036034875 5.857020818056673e-06
0.10354520700999999 5.8634158548767365e-06
0.10388305361053418 7.0548023107186455e-06
0.10411773163555835 8.497534359086456e-06
0.104279486095149 1.0235310218990268e-05
0.1043909771697597 1.2328467394420684e-05
0.10446782364279857 1.4849682622544666e-05
0.104520790935823 1.788649529057435e-05
0.10455729923632648 2.1544346900318864e-05
0.10458246299172244 2.5950242113997373e-05
0.10459980739222575 3.125715849688242e-05
0.104601790755 3.202784925809852e-05

