0.006271912078741804 1e-05
0.006419876338341167 9.111627561154906e-06
0.006598099812860373 8.302175681319752e-06
0.006812770618875978 7.5646332755462914e-06
0.0070713423647119755 6.892612104349709e-06
0.00729956109600606 6.422602066188127e-06
0.007340075664276283 6.280291441834259e-06
0.007522683280233374 5.72236765935022e-06
0.007742634800131903 5.214008287999695e-06
0.008007567184534992 4.750810162102793e-06
0.008326679179477702 4.328761281083061e-06
0.008345821629973738 4.3059256856158315e-06
0.008552047143738722 3.944206059437664e-06
0.0088134656560898 3.5938136638046257e-06
0.009128345179705843 3.274549162877731e-06
0.009392082163941414 3.06123062880366e-06
0.009459224634605287 2.98364724028334e-06
0.009724708803931805 2.71858824273294e-06
0.010044485425768253 2.4770763559917136e-06
0.010429657498862255 2.2570197196339214e-06
0.01043834269790909 2.252515745011571e-06
0.010727508256712141 2.0565123083486514e-06
0.011082453948576277 1.873817422860387e-06
0.011484603231876767 1.7156417113752042e-06
0.011500759157939014 1.7073526474706922e-06
0.011828513804065868 1.5556761439304722e-06
0.012223295435661917 1.4174741629268076e-06
0.012530863765844445 1.330829258548885e-06
0.012642080106052667 1.2915496650148827e-06
0.013021367182370663 1.1768119524349991e-06
0.013478219808570092 1.0722672220103253e-06
0.013577124299812122 1.0523760084126983e-06
0.013919778171481451 9.770099572992247e-07
0.014422941935213963 8.902150854450391e-07
0.014623384833779797 8.607065009302842e-07
0.014903620141547733 8.111308307896872e-07
0.015407967093017378 7.390722033525774e-07
0.015669645367747474 7.077642241263502e-07
0.015940184057388812 6.734150657750828e-07
0.016512634811931375 6.135907273413175e-07
0.016715905901715157 5.953354877170972e-07
0.017069919531722117 5.590810182512222e-07
0.01767458694536087 5.094138014816385e-07
0.01776216643568283 5.030164378386473e-07
0.018253651164887152 4.641588833612782e-07
0.018808426969650505 4.2911895607410987e-07
0.0189069618683329 4.229242874389499e-07
0.019583006723672594 3.853528593710535e-07
0.01985468750361818 3.724741528982014e-07
0.020280882130050706 3.511191734215135e-07
0.02090094803758586 3.2515272243844786e-07
0.02102774336631374 3.199267137797384e-07
0.02181047629597243 2.9150530628251817e-07
0.021947208571553536 2.871118557616434e-07
0.02260501462474948 2.656087782946684e-07
0.022993469105521212 2.546360698355713e-07
0.02346513275008661 2.4201282647943835e-07
0.02403972963948889 2.2843141075474407e-07
0.024363709827758456 2.2051307399030456e-07
0.02508599017345657 2.0492929510267448e-07
0.025287034787855486 2.009233002565046e-07
0.026132250707424243 1.857432766647245e-07
0.026287872141721926 1.8307382802953697e-07
0.02717851124139192 1.6916638942931945e-07
0.027338806847595997 1.668100537200059e-07
0.028224771775359595 1.5483290114625557e-07
0.028450167300109394 1.519911082952933e-07
0.029271032309327275 1.423818432386409e-07
0.029633294830620553 1.3848863713938745e-07
0.03031729284329495 1.315950362377364e-07
0.030903711961525717 1.261856883066021e-07
0.031363553377262626 1.221739521022538e-07
0.03227249220588788 1.1497569953977358e-07
0.0324098139112303 1.1393888485640472e-07
0.03345607444519798 1.0656773709554834e-07
0.03373802626322693 1.0476157527896662e-07
0.034502334979165654 1.0002386323319142e-07
0.03533349018306961 9.545484566618347e-08
0.03554859551313333 9.430269223833096e-08
0.036594856047101006 8.911522610299338e-08
0.03707751199324767 8.697490026177834e-08
0.03764111658106868 8.45079572739412e-08
0.03868737711503636 8.04133567568171e-08
0.03901440006462016 7.924828983539185e-08
0.03973363764900404 7.668860054461745e-08
0.040779898182971716 7.339659019891849e-08
0.04119775270352644 7.220809018385471e-08
0.041826158716939385 7.040253188044205e-08
0.04287241925090707 6.771733463396334e-08
0.04372744588151285 6.579332246575683e-08
0.043918679784874744 6.535401777419687e-08
0.04496494031884242 6.314182841225454e-08
0.0460112008528101 6.122116362945972e-08
0.04679844702178724 5.994842503189408e-08
0.04705746138677778 5.951452887644482e-08
0.048103721920745454 5.7925632428894816e-08
0.04914998245471313 5.654924351185103e-08
0.050196242988680806 5.536104785575131e-08
0.05094522760556455 5.462277217684337e-08
0.05124250352264848 5.4313427630592734e-08
0.052288764056616165 5.336003125127052e-08
0.05333502459058384 5.255789225840801e-08
0.05438128512455151 5.189490154629259e-08
0.055427545658519185 5.136143629607751e-08
0.05647380619248687 5.09500911332434e-08
0.057520066726454544 5.065548052894319e-08
0.05856632726042222 5.047410407090153e-08
0.059612587794389896 5.040426929179548e-08
0.059837769999335516 5.0413265774291595e-08
0.06566494020526654 5.2322991487025844e-08
0.06589015099819596 5.246712973470036e-08
0.06693641153216365 5.3292783307443505e-08
0.06798267206613132 5.4291861930311406e-08
0.0682813456663233 5.462277217684337e-08
0.069028932600099 5.540936927619197e-08
0.07007519313406667 5.6699810266956407e-08
0.07112145366803435 5.822301565721756e-08
0.07213004469343778 5.99484250318941e-08
0.07216771420200202 6.00106950816862e-08
0.0732139747359697 6.193447049697166e-08
0.07426023526993737 6.420124323448507e-08
0.07490203015399285 6.579332246575683e-08
0.07530649580390505 6.678207654941141e-08
0.07635275633787272 6.967335463931068e-08
0.07714160890479367 7.220809018385471e-08
0.0773990168718404 7.303532053604561e-08
0.07844527740580809 7.679124283951396e-08
0.079041484104986 7.924828983539185e-08
0.07949153793977576 8.113437373281322e-08
0.08053779847374344 8.614399290421571e-08
0.08069597268862176 8.697490026177834e-08
0.0815840590077111 9.180955822646472e-08
0.08217155578667412 9.545484566618347e-08
0.08263031954167879 9.843597289969992e-08
0.08349382817540747 1.0476157527896662e-07
0.08367658007564646 1.0617966579848906e-07
0.08469377946297468 1.1497569953977358e-07
0.08472284060961414 1.1524520570195804e-07
0.08576910114358183 1.2587685208304568e-07
0.08579720820793703 1.261856883066021e-07
0.08681265283143652 1.3848863713938745e-07
0.0868153616775495 1.3852467660465436e-07
0.08776002316977202 1.519911082952933e-07
0.08786162221151718 1.5361538608401126e-07
0.08864375755002793 1.668100537200059e-07
0.08890788274548485 1.7189915569975515e-07
0.08946680039990645 1.8307382802953697e-07
0.08995414327945253 1.9443224482733246e-07
0.09022758596681683 2.009233002565046e-07
0.09093308840681937 2.2051307399030453e-07
0.0910004038134202 2.2260529437496866e-07
0.09162642106278851 2.4201282647943835e-07
0.09204666434738788 2.5797130657624954e-07
0.09225313949432765 2.656087782946684e-07
0.09285598814705369 2.9150530628251817e-07
0.09309292488135557 3.036520330125862e-07
0.09342784242696356 3.199267137797384e-07
0.09395586501091421 3.511191734215135e-07
0.09413918541532323 3.6391287797423997e-07
0.09447377279201835 3.853528593710535e-07
0.0949512086959879 4.2292428743894996e-07
0.09518544594929093 4.454107226564055e-07
0.09540632753783305 4.641588833612782e-07
0.09585463140938863 5.094138014816385e-07
0.09622682115941564 5.590810182512222e-07
0.09623170648325859 5.597984327580098e-07
0.09666536211357235 6.135907273413175e-07
0.09703117419408935 6.734150657750828e-07
0.09727796701722627 7.247996149787226e-07
0.09736384328597426 7.390722033525776e-07
0.0977443132813127 8.111308307896872e-07
0.09806018615558976 8.902150854450392e-07
0.0983224293651109 9.770099572992247e-07
0.09832422755119394 9.77664047905836e-07
0.09867440734545976 1.0722672220103253e-06
0.09896755392153347 1.1768119524349991e-06
0.09921092935902759 1.2915496650148827e-06
0.09937048808516162 1.3868892540491614e-06
0.09944630140183969 1.4174741629268076e-06
0.09974556899109464 1.5556761439304722e-06
0.0999940262012666 1.7073526474706922e-06
0.10020029974208045 1.873817422860387e-06
0.10037155165950487 2.0565123083486514e-06
0.1004167486191293 2.1124494879948486e-06
0.10061421619501845 2.2570197196339214e-06
0.10085456148975164 2.4770763559917136e-06
0.10105410037585696 2.71858824273294e-06
0.10121976106462707 2.98364724028334e-06
0.10135729547879288 3.2745491628777315e-06
0.10146300915309697 3.5657146777481073e-06
0.10148398644849523 3.5938136638046257e-06
0.10171877175541405 3.944206059437664e-06
0.10191369464195732 4.328761281083061e-06
0.10207552304679653 4.750810162102793e-06
0.10220987583151683 5.214008287999695e-06
0.10232141787371905 5.72236765935022e-06
0.10241402203674067 6.280291441834259e-06
0.10249090363976338 6.892612104349709e-06
0.10250926968706466 7.061395114549976e-06
0.10266427628525517 7.56463327554629e-06
0.10284495375397468 8.302175681319752e-06
0.10299495536267123 9.111627561154906e-06
0.10311948933345916 9.999999999999999e-06

