0.003152364890632426 9.999999999999999e-06
0.003204464132283788 9.111627561154906e-06
0.003267217853297653 8.302175681319752e-06
0.0033428049324232645 7.564633275546291e-06
0.0034338498368278827 6.892612104349709e-06
0.0035435137465057703 6.280291441834259e-06
0.0036756043139514047 5.72236765935022e-06
0.00383470787007446 5.214008287999696e-06
0.004026348666692449 4.750810162102792e-06
0.00416077949410303 4.486261466541739e-06
0.00419016981952656 4.328761281083061e-06
0.004274936685453546 3.944206059437664e-06
0.004377038675559247 3.5938136638046257e-06
0.004500020884109026 3.2745491628777315e-06
0.004648153389696081 2.98364724028334e-06
0.004826579517103094 2.71858824273294e-06
0.005041494419239501 2.4770763559917136e-06
0.005207040028070707 2.3271744373202177e-06
0.005242261316906736 2.2570197196339214e-06
0.005359943983340951 2.0565123083486514e-06
0.005501693171688053 1.873817422860387e-06
0.005672430570880951 1.7073526474706922e-06
0.005878084372663373 1.5556761439304722e-06
0.006125795104977972 1.4174741629268076e-06
0.006253300562038384 1.3578657388676296e-06
0.006326918514789372 1.2915496650148827e-06
0.006481763341753529 1.1768119524349991e-06
0.006668274484022616 1.0722672220103253e-06
0.00689292781518345 9.770099572992247e-07
0.007163523547897593 8.902150854450391e-07
0.00729956109600606 8.535834812291441e-07
0.00739910248402085 8.111308307896872e-07
0.007604892854687623 7.390722033525775e-07
0.007852768084706911 6.734150657750827e-07
0.008151334676807615 6.135907273413175e-07
0.008345821629973738 5.816189512422244e-07
0.008436267647973316 5.590810182512222e-07
0.008673514768428474 5.094138014816385e-07
0.008959279764932918 4.641588833612782e-07
0.009303484714904558 4.229242874389499e-07
0.009392082163941414 4.136584328690922e-07
0.009580042979953162 3.853528593710535e-07
0.009867971587967383 3.511191734215135e-07
0.010214782615662298 3.199267137797384e-07
0.01043834269790909 3.0341312957327863e-07
0.01056260254344641 2.9150530628251817e-07
0.010884595589208124 2.656087782946684e-07
0.011272437352766796 2.4201282647943835e-07
0.011484603231876767 2.3125108211512635e-07
0.011648488701990816 2.2051307399030456e-07
0.012010137067940432 2.009233002565046e-07
0.01244574380505554 1.8307382802953697e-07
0.012530863765844447 1.7999784681844232e-07
0.012836907952259696 1.668100537200059e-07
0.013276922404804388 1.519911082952933e-07
0.01357712429981212 1.437352957154525e-07
0.013742768627213575 1.3848863713938745e-07
0.014202935321380367 1.261856883066021e-07
0.014623384833779797 1.1731875233666524e-07
0.014718344615616686 1.1497569953977358e-07
0.015192085226311889 1.0476157527896662e-07
0.015669645367747474 9.675085535810555e-08
0.015739413641738434 9.545484566618347e-08
0.016254691999092723 8.697490026177834e-08
0.016715905901715154 8.097133902134226e-08
0.016843118590339733 7.924828983539185e-08
0.01743958953634148 7.220809018385471e-08
0.01776216643568283 6.90306754402529e-08
0.018060869659467457 6.579332246575683e-08
0.018713831609030406 5.99484250318941e-08
0.018808426969650505 5.9195412999905785e-08
0.019380318563370302 5.462277217684337e-08
0.01985468750361818 5.1472166898166215e-08
0.020096019610196747 4.977023564332114e-08
0.0208334575844677 4.534878508128582e-08
0.02090094803758586 4.4985722761013126e-08
0.021588244996931516 4.132012400115334e-08
0.021947208571553536 3.968277474089186e-08
0.02239998730343236 3.7649358067924714e-08
0.022993469105521212 3.533105247031085e-08
0.023263201141139556 3.430469286314919e-08
0.02403972963948889 3.1696673267209144e-08
0.024173701451329743 3.125715849688235e-08
0.025085990173456568 2.8587384633565325e-08
0.025124591716618547 2.848035868435805e-08
0.026132250707424243 2.5953898116184455e-08
0.026133792299198506 2.5950242113997372e-08
0.02717851124139192 2.3685295910735838e-08
0.027198281906358528 2.3644894126454072e-08
0.028224771775359595 2.1709747449232453e-08
0.028319814597389914 2.154434690031887e-08
0.029271032309327275 2.0001130144569565e-08
0.029519454568072968 1.9630406500402724e-08
0.03031729284329495 1.851052672539844e-08
0.030804732149949964 1.788649529057435e-08
0.031363553377262626 1.7207913810869094e-08
0.03219230450651585 1.6297508346206433e-08
0.0324098139112303 1.606906387960774e-08
0.03345607444519798 1.505430395294959e-08
0.033686606528039925 1.4849682622544636e-08
0.034502334979165654 1.4147192516432817e-08
0.0353124735944181 1.3530477745798075e-08
0.03554859551313333 1.335488573158275e-08
0.036594856047101006 1.263643620143861e-08
0.03709699637378569 1.2328467394420658e-08
0.03764111658106868 1.1998264140270493e-08
0.03868737711503636 1.142918845032531e-08
0.03908561734180313 1.1233240329780265e-08
0.03973363764900404 1.0913991813086303e-08
0.040779898182971716 1.045507817515548e-08
0.04134028479771731 1.0235310218990269e-08
0.04182615871693939 1.0042406316083733e-08
0.04287241925090707 9.667161690458194e-09
0.043918679784874744 9.342033251195324e-09
0.04397445220783163 9.32603346883218e-09
0.044020464742686345 9.312462694083451e-09
0.04800193947371972 8.33329188412002e-09
0.048103721920745454 8.311813458342908e-09
0.04914998245471313 8.119053460293486e-09
0.050196242988680806 7.952805966287549e-09
0.05124250352264848 7.81030234370702e-09
0.051818933147639225 7.742636826811278e-09
0.05228876405661616 7.684056439320878e-09
0.053335024590583834 7.572719460049707e-09
0.05438128512455151 7.481235937458995e-09
0.055427545658519185 7.408300999267507e-09
0.056473806192486875 7.352921702151112e-09
0.057520066726454544 7.31439094504465e-09
0.05856632726042223 7.292270175890809e-09
0.059612587794389896 7.286380225029761e-09
0.06065884832835758 7.296799986450029e-09
0.06170510886232525 7.32387304618752e-09
0.06275136939629293 7.3682227516964615e-09
0.06379762993026061 7.430776655795063e-09
0.06484389046422828 7.512801787834925e-09
0.06589015099819596 7.615952846008694e-09
0.06693641153216365 7.74233622504589e-09
0.06693855463948978 7.742636826811278e-09
0.06798267206613132 7.881094425774925e-09
0.069028932600099 8.046396229131376e-09
0.07007519313406667 8.241979556533977e-09
0.07112145366803435 8.472440353996207e-09
0.07122367947605375 8.497534359086437e-09
0.07216771420200202 8.721630030170822e-09
0.07321397473596969 9.012027250642992e-09
0.07418032683263402 9.32603346883218e-09
0.07426023526993737 9.351463930607532e-09
0.07530649580390505 9.719210147644857e-09
0.07635275633787272 1.0154894846379458e-08
0.07652826412652208 1.0235310218990269e-08
0.0773990168718404 1.0634573219850927e-08
0.07844527740580809 1.1200252254962744e-08
0.0785014937782266 1.1233240329780265e-08
0.07949153793977576 1.1824334888554987e-08
0.08021790333387976 1.2328467394420658e-08
0.08053779847374344 1.2556427294137108e-08
0.0815840590077111 1.339836049234615e-08
0.08173383156318807 1.3530477745798077e-08
0.08263031954167879 1.4359047962019256e-08
0.08310161738740315 1.4849682622544636e-08
0.08367658007564646 1.5483976282724742e-08
0.08433882594177186 1.6297508346206433e-08
0.08472284060961414 1.680362245333412e-08
0.08546970359523083 1.788649529057435e-08
0.08576910114358183 1.8358538670504343e-08
0.08651195717873844 1.9630406500402724e-08
0.0868153616775495 2.0203711093998195e-08
0.08747791224751982 2.154434690031887e-08
0.08786162221151718 2.2415366487684133e-08
0.08837519130735835 2.3644894126454072e-08
0.08890788274548485 2.510189126283757e-08
0.08920693502358588 2.5950242113997372e-08
0.08995414327945253 2.8421883270651684e-08
0.08997150746245806 2.848035868435805e-08
0.090719873503325 3.125715849688235e-08
0.0910004038134202 3.249439434096242e-08
0.09141208283933241 3.430469286314919e-08
0.09203522514557726 3.7649358067924714e-08
0.09204666434738788 3.771699729608723e-08
0.09267247167179016 4.132012400115334e-08
0.09309292488135557 4.437778542872372e-08
0.09323383383694413 4.534878508128582e-08
0.0937945388372341 4.977023564332114e-08
0.09413918541532323 5.3181761047400837e-08
0.09429777953987308 5.462277217684337e-08
0.09480491122527478 5.99484250318941e-08
0.09518544594929092 6.512925314595708e-08
0.09524062616455434 6.579332246575683e-08
0.09571693378584453 7.220809018385471e-08
0.09611237274087478 7.924828983539185e-08
0.09623170648325859 8.173335426130561e-08
0.0965297519405602 8.697490026177834e-08
0.09691850056570031 9.545484566618347e-08
0.0972412465038788 1.0476157527896662e-07
0.09727796701722627 1.0595137382716025e-07
0.09762694934058827 1.1497569953977356e-07
0.09796269164198979 1.261856883066021e-07
0.09824143079897839 1.3848863713938745e-07
0.09832422755119394 1.4275880969352454e-07
0.09856529416613598 1.519911082952933e-07
0.09887693133615949 1.668100537200059e-07
0.09913565798959594 1.8307382802953697e-07
0.09935045740262287 2.009233002565046e-07
0.09937048808516162 2.027856202657023e-07
0.0996529357010636 2.2051307399030456e-07
0.09991710060841183 2.4201282647943835e-07
0.10013641495537629 2.656087782946684e-07
0.10031849357916957 2.9150530628251817e-07
0.10041674861912929 3.087448312749376e-07
0.10052449452812269 3.199267137797384e-07
0.10078006295811369 3.5111917342151356e-07
0.1009922403585521 3.853528593710535e-07
0.10116839376395666 4.229242874389499e-07
0.10131463941580979 4.641588833612782e-07
0.10143605512524118 5.094138014816385e-07
0.10146300915309697 5.209641978672823e-07
0.10164592386057436 5.590810182512222e-07
0.10185321081843475 6.135907273413175e-07
0.10202530409249508 6.734150657750828e-07
0.10216817895197733 7.390722033525776e-07
0.10228679617036385 8.111308307896872e-07
0.10238527426895132 8.902150854450392e-07
0.10246703251647485 9.770099572992247e-07
0.10250926968706466 1.0320340890240086e-06
0.10259669610787703 1.0722672220103253e-06
0.10278884625429316 1.1768119524349993e-06
0.10294837268156695 1.2915496650148827e-06
0.10308081432407099 1.4174741629268076e-06
0.10319076970243009 1.5556761439304722e-06
0.10328205658925442 1.7073526474706922e-06
0.10335784456643604 1.873817422860387e-06
0.1034207650765454 2.0565123083486514e-06
0.10347300278943404 2.2570197196339214e-06
0.10351637145639322 2.4770763559917136e-06
0.10355237688560918 2.71858824273294e-06
0.10355553022103232 2.7422253091013454e-06
0.10372305285698376 2.9836472402833405e-06
0.10387853484864194 3.2745491628777315e-06
0.10400761872964473 3.5938136638046257e-06
0.1041147864354159 3.944206059437664e-06
0.10420375894748352 4.328761281083061e-06
0.1042776254900829 4.750810162102793e-06
0.10433895079144606 5.214008287999695e-06
0.10438986413400875 5.72236765935022e-06
0.10443213328545661 6.280291441834259e-06
0.10446722587757866 6.892612104349709e-06
0.10449636036406969 7.564633275546291e-06
0.10452054832659302 8.302175681319752e-06
0.10454062959801722 9.111627561154906e-06
0.10455730142234401 9.999999999999999e-06

