0.0068327870779765695 9.999999999999999e-06
0.007091083817018132 9.111627561154906e-06
0.00729956109600606 8.537039123335395e-06
0.00735336493865072 8.302175681319752e-06
0.007549801819366555 7.5646332755462914e-06
0.007786410737626165 6.892612104349709e-06
0.008071407017326672 6.280291441834259e-06
0.008345821629973738 5.818565225292229e-06
0.008383538742822931 5.72236765935022e-06
0.008610002615500866 5.214008287999695e-06
0.008882779151882163 4.750810162102793e-06
0.009211339455652952 4.328761281083061e-06
0.009392082163941414 4.135285745450539e-06
0.009516049957686182 3.944206059437664e-06
0.009790891766094954 3.5938136638046257e-06
0.010121939697334433 3.2745491628777315e-06
0.01043834269790909 3.0353340089175274e-06
0.010491038594697622 2.98364724028334e-06
0.010798396559585302 2.71858824273294e-06
0.011168610316419237 2.4770763559917136e-06
0.011484603231876767 2.3130228612542343e-06
0.01156811123587294 2.2570197196339214e-06
0.01191332212544442 2.0565123083486514e-06
0.01232912986406914 1.873817422860387e-06
0.012530863765844443 1.799201388809751e-06
0.012739113381398248 1.7073526474706922e-06
0.013159128497983685 1.5556761439304722e-06
0.01357712429981212 1.4380187225887806e-06
0.013640495158420632 1.4174741629268076e-06
0.01407974656614473 1.2915496650148827e-06
0.01460882644181204 1.1768119524349991e-06
0.014623384833779797 1.173948631049321e-06
0.01506526267075561 1.0722672220103253e-06
0.015609949251906438 9.770099572992247e-07
0.015669645367747474 9.676712552443145e-07
0.016116749596378682 8.902150854450392e-07
0.01670919449232383 8.111308307896872e-07
0.016715905901715157 8.103160941338923e-07
0.017279911501612732 7.390722033525775e-07
0.01776216643568283 6.90451825110193e-07
0.017915746849802752 6.734150657750828e-07
0.018539030671016962 6.135907273413175e-07
0.018808426969650505 5.916412232304915e-07
0.019206289228298243 5.590810182512222e-07
0.01985468750361818 5.150031470063391e-07
0.01993212174317512 5.094138014816385e-07
0.020636042023399283 4.6415888336127815e-07
0.02090094803758586 4.495730360394889e-07
0.021389122781753145 4.229242874389499e-07
0.021947208571553536 3.96869176829063e-07
0.022197745792966333 3.853528593710535e-07
0.022993469105521212 3.5353826656381285e-07
0.023055582399075996 3.511191734215135e-07
0.023947278220070905 3.199267137797384e-07
0.02403972963948889 3.1703094418047933e-07
0.024874024543201895 2.9150530628251817e-07
0.025085990173456568 2.857202899758832e-07
0.025863781909097182 2.656087782946684e-07
0.026132250707424243 2.5933123482498146e-07
0.026915272669549305 2.4201282647943835e-07
0.027178511241391923 2.366904582545169e-07
0.02802736341084481 2.2051307399030456e-07
0.028224771775359595 2.170423367050902e-07
0.029217943813994115 2.009233002565046e-07
0.029271032309327278 2.0012006199428574e-07
0.03031729284329495 1.8520357696207055e-07
0.03047982581622516 1.8307382802953697e-07
0.031363553377262626 1.7209013169803453e-07
0.03183315393450181 1.668100537200059e-07
0.03240981391123031 1.6061102821206262e-07
0.03330322837600334 1.519911082952933e-07
0.03345607444519798 1.5057052168694527e-07
0.034502334979165654 1.4151303594601714e-07
0.03489049699187393 1.3848863713938745e-07
0.03554859551313333 1.334795292941037e-07
0.036594856047101006 1.2646020584642595e-07
0.03663858685071228 1.261856883066021e-07
0.03764111658106868 1.1995860372362208e-07
0.03856892323136933 1.1497569953977358e-07
0.038687377115036364 1.143424186384062e-07
0.03973363764900404 1.0912224137302634e-07
0.04074869873957703 1.0476157527896662e-07
0.040779898182971716 1.0462662041705724e-07
0.0418261587169394 1.0038543031919999e-07
0.04287241925090707 9.671925296260827e-08
0.043271380634599343 9.545484566618347e-08
0.043918679784874744 9.335628542944058e-08
0.04496494031884242 9.033057536417721e-08
0.046011200852810095 8.770212551146224e-08
0.04633190277110468 8.697490026177834e-08
0.04705746138677778 8.526692984994139e-08
0.048103721920745454 8.309193917270931e-08
0.04914998245471313 8.120865479807666e-08
0.050196242988680806 7.958440022787822e-08
0.05044176120926407 7.924828983539185e-08
0.051242503522648475 7.808915094110672e-08
0.05228876405661616 7.679125956402413e-08
0.053335024590583834 7.570348619038863e-08
0.05438128512455151 7.480968306538928e-08
0.055427545658519185 7.40971014569084e-08
0.05647380619248687 7.35560402097989e-08
0.057520066726454544 7.3179590876246e-08
0.05856632726042222 7.296346875898179e-08
0.059612587794389896 7.290592335258934e-08
0.06065884832835757 7.300772545919216e-08
0.06170510886232525 7.327223194857303e-08
0.06275136939629293 7.370553298742826e-08
0.06379762993026061 7.4316690859151e-08
0.06484389046422828 7.511808456666828e-08
0.06589015099819596 7.612588067608553e-08
0.06693641153216363 7.736065887365014e-08
0.06798267206613132 7.884823123289949e-08
0.06822663515199787 7.924828983539185e-08
0.0683319717369612 7.941247213399957e-08
0.07600228659838906 1.0005857773646272e-07
0.07635275633787272 1.0148445446100876e-07
0.07705154967980878 1.0476157527896662e-07
0.0773990168718404 1.0639229389457129e-07
0.07844527740580809 1.1191903439396794e-07
0.07895420113576282 1.1497569953977358e-07
0.07949153793977576 1.1825929761570553e-07
0.08053779847374344 1.2562906167998236e-07
0.08061058451530942 1.261856883066021e-07
0.08158405900771111 1.3390428203567414e-07
0.08209180902145846 1.3848863713938745e-07
0.08263031954167879 1.4358288474447727e-07
0.08341943485090507 1.519911082952933e-07
0.08367658007564646 1.5489466413159293e-07
0.0846242384795419 1.668100537200059e-07
0.08472284060961414 1.681401648784176e-07
0.08572914372522907 1.8307382802953697e-07
0.08576910114358183 1.8371863853184978e-07
0.08675086672215046 2.009233002565046e-07
0.0868153616775495 2.0217065551519287e-07
0.08770101509904195 2.2051307399030456e-07
0.08786162221151718 2.2424463570602783e-07
0.08858673035849807 2.4201282647943835e-07
0.08890788274548485 2.5100356042322934e-07
0.08941089509196289 2.656087782946684e-07
0.08995414327945253 2.840013751890051e-07
0.09017184851756627 2.9150530628251817e-07
0.09088620016689393 3.199267137797384e-07
0.0910004038134202 3.250820106926459e-07
0.09157890092072349 3.511191734215135e-07
0.09204666434738787 3.7691361636593294e-07
0.09220383361522097 3.853528593710535e-07
0.09281470424584454 4.2292428743894986e-07
0.09309292488135557 4.4363342776888214e-07
0.09338393716236013 4.6415888336127826e-07
0.09391915725502949 5.094138014816385e-07
0.09413918541532323 5.317060520737664e-07
0.09443354104077507 5.590810182512222e-07
0.09491762280839956 6.135907273413175e-07
0.09518544594929092 6.509117899292583e-07
0.0953681359207357 6.734150657750828e-07
0.0958227946255345 7.390722033525775e-07
0.09620026026976262 8.111308307896872e-07
0.09623170648325859 8.178334378634644e-07
0.09663382174795312 8.902150854450392e-07
0.09700490114811003 9.770099572992247e-07
0.09727796701722627 1.0595242309147318e-06
0.0973308070499366 1.0722672220103253e-06
0.09771682910962391 1.176811952434999e-06
0.09803731140526281 1.2915496650148827e-06
0.0983033814373775 1.4174741629268076e-06
0.09832422755119394 1.4284783569229097e-06
0.09864872087986168 1.5556761439304722e-06
0.09894619365954609 1.7073526474706922e-06
0.09919316078728113 1.873817422860387e-06
0.09937048808516162 2.0275730884014217e-06
0.09941992842004677 2.0565123083486518e-06
0.099723653870209 2.2570197196339214e-06
0.09997581207482246 2.4770763559917136e-06
0.10018515824624119 2.71858824273294e-06
0.10035896111557417 2.98364724028334e-06
0.10041674861912929 3.087425265436227e-06
0.100592911380466 3.274549162877732e-06
0.10083686383088539 3.5938136638046257e-06
0.1010393974410124 3.944206059437664e-06
0.10120754440227706 4.328761281083061e-06
0.10134714296354695 4.750810162102793e-06
0.10146300915309697 5.213859118905709e-06
0.10146308590936372 5.214008287999695e-06
0.10170141553921844 5.72236765935022e-06
0.10189928098493019 6.280291441834259e-06
0.10206355235408636 6.892612104349709e-06
0.1021999333307009 7.56463327554629e-06
0.1023131592134453 8.302175681319752e-06
0.10240716133046694 9.111627561154906e-06
0.10248520353945992 9.999999999999999e-06

