7.861610792247262e-05 0.01
0.00011405851182726578 0.00830217568131975
0.0001654793713914163 0.006892612104349709
0.0002400822342620851 0.00572236765935022
0.0003483182146730364 0.004750810162102803
0.0005053500899219668 0.0039442060594376644
0.0007331764536743024 0.003274549162877731
0.0010565837449999999 0.002726909773751622
0.0010566977583687839 0.0027185882427329454
0.0010643663842736417 0.0022570197196339213
0.0010754922474279281 0.001873817422860387
0.001091633969877775 0.0015556761439304754
0.001115052845342507 0.0012915496650148853
0.0011490296238267522 0.0010722672220103253
0.0011983241118522772 0.0008902150854450393
0.0012698419737009318 0.000739072203352579
0.0013736021458474578 0.0006135907273413175
0.001524140389659329 0.0005094138014816386
0.0017425456060458293 0.00042292428743895066
0.002059414179353001 0.0003511191734215135
0.0021131674899999998 0.0003415127180677225
0.0021514601822201036 0.0002915053062825182
0.0022143723724335957 0.00024201282647943833
0.00230564718851354 0.000200923300256505
0.0024380713184342477 0.0001668100537200059
0.0026301960570904947 0.00013848863713938745
0.0029089361569939877 0.0001149756995397738
0.0031697512349999997 0.00010082467463747835
0.003199001031100278 9.545484566618347e-05
0.0033185189996091714 7.924828983539185e-05
0.0034919191078692465 6.579332246575681e-05
0.0037434929751272716 5.462277217684348e-05
0.004108483581662732 4.534878508128592e-05
0.0042263349799999995 4.308941751522582e-05
0.004349061914239514 3.764935806792471e-05
0.0045780886795025654 3.125715849688242e-05
0.004910367301592038 2.595024211399737e-05
0.0052829187249999994 2.2286718886869856e-05
0.005323994435899588 2.1544346900318864e-05
0.005586292326438134 1.788649529057435e-05
0.005966841654570229 1.4849682622544664e-05
0.006339502469999999 1.2956746042598463e-05
0.006418965352021079 1.2328467394420684e-05
0.006773665579283612 1.0235310218990268e-05
0.007288274876735139 8.497534359086454e-06
0.007396086214999999 8.213754202316042e-06
0.007729559207057817 7.0548023107186455e-06
0.008295025386452291 5.857020818056673e-06
0.008452669959999999 5.601891567140344e-06
0.008811791933453866 4.862601580065353e-06
0.009456749554824354 4.037017258596557e-06
0.009509253704999996 3.982596273680374e-06
0.010024129744893449 3.3516026509388474e-06
0.010565837449999999 2.919759786338873e-06
0.01072334740128071 2.782559402207126e-06
0.011447635287852972 2.3101297000831633e-06
0.011622421194999998 2.2220814425615393e-06
0.012216299472800021 1.917910261672489e-06
0.012679004939999999 1.7419250850688655e-06
0.013060073354614468 1.5922827933410937e-06
0.013735588684999998 1.3893425775716542e-06
0.013966693691603482 1.3219411484660314e-06
0.014792172429999998 1.1303911932629924e-06
0.01494746550624846 1.0974987654930568e-06
0.015848756175 9.388667385030808e-07
0.016010798023203432 9.111627561154906e-07
0.016905339919999998 7.829736572663395e-07
0.017119093197290144 7.564633275546291e-07
0.017961923664999997 6.653504646369919e-07
0.018354001330972466 6.28029144183426e-07
0.019018507409999996 5.717195539166168e-07
0.019718513710813144 5.214008287999695e-07
0.020075091154999995 4.980314832024002e-07
0.021131674899999998 4.3723064391267467e-07
0.02121634422290056 4.3287612810830616e-07
0.022188258644999997 3.857188252575286e-07
0.02283116046581705 3.593813663804626e-07
0.02324484239 3.432512802981015e-07
0.024301426134999998 3.0812208272135403e-07
0.02463401921112872 2.98364724028334e-07
0.025358009879999997 2.7754865301549046e-07
0.026414593624999996 2.5252351016300727e-07
0.02664184556811922 2.477076355991714e-07
0.027471177369999995 2.30055923721394e-07
0.028527761115 2.1159829577740242e-07
0.028907978833923147 2.0565123083486514e-07
0.02958434486 1.9482626601025051e-07
0.029936361944238897 1.9002165360096574e-07
0.037684997747708865 1.1975635640939392e-07
0.03803701481999999 1.1783439519756004e-07
0.03806701778911475 1.1768119524349991e-07
0.039093598565 1.1194686720745151e-07
0.04015018231 1.068829580385425e-07
0.041206766054999996 1.0253372694624316e-07
0.04226334979999999 9.878587330296972e-08
0.04260009852607045 9.770099572992245e-08
0.043319933544999994 9.51069436816249e-08
0.044376517289999994 9.17291713122637e-08
0.04543310103499999 8.880021167968039e-08
0.04648968478 8.625898428810984e-08
0.04754626852499999 8.405506166168181e-08
0.048602852269999997 8.214672691388715e-08
0.04925478364016127 8.111308307896871e-08
0.049659436014999996 8.037394951545261e-08
0.050716019759999995 7.866980708318663e-08
0.051772603505 7.721729661193444e-08
0.05282918724999999 7.599314479612733e-08
0.053885770994999985 7.49784703109782e-08
0.05494235473999999 7.415822059861683e-08
0.055998938485 7.35207401653075e-08
0.057055522229999996 7.305745063285547e-08
0.058112105974999995 7.276262854050578e-08
0.059168689719999994 7.263327176135368e-08
0.06022527346499999 7.2669049725348e-08
0.06128185720999999 7.287233673218736e-08
0.06233844095499999 7.324833178024051e-08
0.0633950247 7.38052728339082e-08
0.06445160844499999 7.455475864718152e-08
0.06550819219 7.551219758187775e-08
0.06656477593499999 7.669741086119806e-08
0.06762135967999999 7.813542813701002e-08
0.068677943425 7.985752717392015e-08
0.06933818396689242 8.111308307896871e-08
0.06973452716999999 8.176854423362395e-08
0.070791110915 8.377457606846044e-08
0.07184769465999999 8.613854782848025e-08
0.072904278405 8.892243377334687e-08
0.07396086214999999 9.220377209427526e-08
0.07501744589499999 9.608013049340823e-08
0.07541091624052726 9.770099572992245e-08
0.07607402963999998 1.0017017076844057e-07
0.07713061338499999 1.0471270296137515e-07
0.07818719713 1.1015178867193204e-07
0.07924378087499999 1.1670716790524755e-07
0.07938710512674325 1.1768119524349991e-07
0.08030036462 1.2348169047885304e-07
0.08135694836499999 1.3157711244688878e-07
0.08241353210999999 1.415898040712639e-07
0.08242895666807756 1.4174741629268073e-07
0.08347011585499998 1.5201068797512386e-07
0.08452669959999998 1.651669585920796e-07
0.08491747767453497 1.7073526474706922e-07
0.085583283345 1.801275707283914e-07
0.08663986708999999 1.9838824365152257e-07
0.08700471874798733 2.0565123083486511e-07
0.087696450835 2.1971616913067536e-07
0.08875303457999999 2.4687199369537743e-07
0.08878295057029366 2.477076355991714e-07
0.08980961832499998 2.7815624673452255e-07
0.09036469410845646 2.98364724028334e-07
0.09086620206999999 3.1820444736368896e-07
0.091732050004754 3.593813663804626e-07
0.09192278581499999 3.69501882892806e-07
0.09294021605651642 4.3287612810830616e-07
0.09297936956 4.3568149766208905e-07
0.0940267029557468 5.214008287999695e-07
0.09403595330499999 5.223033414125573e-07
0.09501534060232875 6.28029144183426e-07
0.09509253705 6.383923858500391e-07
0.09591807981570266 7.564633275546291e-07
0.09614912079499999 7.997077848214669e-07
0.09673422145058308 9.111627561154905e-07
0.09720570453999999 1.0363277487073619e-06
0.09744532687968083 1.0974987654930568e-06
0.09810079218719922 1.3219411484660314e-06
0.09826228828499999 1.3968720758872039e-06
0.09873310080215836 1.5922827933410937e-06
0.09923814832450961 1.917910261672489e-06
0.09931887202999999 1.9854682939605667e-06
0.09979605052760757 2.310129700083163e-06
0.10022424611342526 2.782559402207126e-06
0.10037545577499998 3.021555631563411e-06
0.10066875589906987 3.3516026509388474e-06
0.10108330307769392 4.037017258596558e-06
0.10136903436781473 4.862601580065353e-06
0.10143203951999999 5.106080092786004e-06
0.10176431443859021 5.857020818056673e-06
0.10210107259111212 7.0548023107186455e-06
0.10233318692294321 8.497534359086456e-06
0.102488623265 1.0164498877414883e-05
0.10250419348985657 1.0235310218990268e-05
0.10288146294563891 1.2328467394420684e-05
0.10314150014739158 1.4849682622544668e-05
0.10332073370382976 1.788649529057435e-05
0.10344427244189089 2.1544346900318864e-05
0.10352942290202252 2.5950242113997373e-05
0.10354520700999999 2.702367641547116e-05
0.10381616355457736 3.125715849688242e-05
0.10407162665732138 3.764935806792471e-05
0.10424770746474021 4.534878508128592e-05
0.10436907313519607 5.462277217684348e-05
0.10445272578411974 6.579332246575681e-05
0.10451038431017295 7.924828983539185e-05
0.10455012609563229 9.545484566618347e-05
0.10457751856678284 0.0001149756995397738
0.10459639913460488 0.00013848863713938745
0.10460179075500001 0.00014777128347858814

