0.00044844946784981045 0.010000000000000002
0.0006506233936576936 0.00830217568131975
0.0009439431434812728 0.00689261210434971
0.0010565837449999999 0.00649112448769892
0.0010615342458673504 0.00572236765935022
0.0010713020021679955 0.004750810162102803
0.001085473344110307 0.0039442060594376644
0.001106033534830119 0.0032745491628777316
0.0011358628512177873 0.0027185882427329454
0.0011791400818758771 0.002257019719633921
0.0012419279335682404 0.001873817422860387
0.0013330223557434556 0.0015556761439304754
0.0014651847649957183 0.0012915496650148853
0.0016569297917742563 0.0010722672220103253
0.0019351189947580374 0.0008902150854450393
0.0021131674899999998 0.0008095269603586876
0.002134975114932852 0.000739072203352579
0.002191589369851961 0.0006135907273413175
0.0022737269601617086 0.0005094138014816386
0.0023928945399793993 0.0004229242874389507
0.002565786294242619 0.0003511191734215135
0.002816622626892343 0.0002915053062825182
0.0031697512349999997 0.00024303385383167767
0.0031718848691223945 0.00024201282647943835
0.0032762708813368216 0.000200923300256505
0.003427717111929944 0.0001668100537200059
0.0036474396616691753 0.00013848863713938745
0.003966219460115357 0.00011497569953977378
0.0042263349799999995 0.00010226904740491469
0.0042858217652428565 9.545484566618347e-05
0.004483053748251479 7.924828983539185e-05
0.0047692035852402144 6.579332246575681e-05
0.005184358003705388 5.4622772176843476e-05
0.0052829187249999994 5.257232422346178e-05
0.005472535977872528 4.534878508128592e-05
0.005801462219619757 3.764935806792471e-05
0.006278677877149143 3.125715849688242e-05
0.006339502469999999 3.060652258407777e-05
0.006626550089629041 2.5950242113997373e-05
0.007083117054244193 2.1544346900318864e-05
0.007396086214999999 1.9477253629449816e-05
0.0075644332618283565 1.788649529057435e-05
0.008027432704002292 1.4849682622544664e-05
0.008452669959999999 1.3048224519822477e-05
0.00859645738929787 1.2328467394420684e-05
0.009164949490223768 1.0235310218990268e-05
0.009509253704999998 9.349535857561884e-06
0.0097918811908475 8.497534359086456e-06
0.010495755962247777 7.054802310718646e-06
0.010565837449999999 6.939123815779767e-06
0.011125282329424691 5.857020818056673e-06
0.011622421195 5.202360789195051e-06
0.011871582273409564 4.862601580065353e-06
0.012679004939999999 4.060409716350441e-06
0.012703116459772281 4.037017258596558e-06
0.013564948629156682 3.3516026509388474e-06
0.013735588684999998 3.2454640866744466e-06
0.014477915536181475 2.782559402207126e-06
0.01479217243 2.627472201734342e-06
0.015467643924007278 2.310129700083163e-06
0.015848756175 2.163785893991405e-06
0.01656826247475674 1.917910261672489e-06
0.016905339919999998 1.8198582333152764e-06
0.01773389555810273 1.5922827933410935e-06
0.017961923664999997 1.5384660426078506e-06
0.019018507409999996 1.326241292030657e-06
0.019041079953117525 1.3219411484660314e-06
0.020075091154999995 1.1443020781165292e-06
0.02038570173253272 1.0974987654930568e-06
0.021131674899999998 9.94913422937093e-07
0.021892569471067578 9.111627561154906e-07
0.022188258644999997 8.805690778600682e-07
0.02324484239 7.860963580486253e-07
0.02359699344607781 7.564633275546291e-07
0.024301426134999998 6.997567950618581e-07
0.025358009879999997 6.311615942321334e-07
0.025412630794063217 6.28029144183426e-07
0.026414593624999996 5.709558686794396e-07
0.027471177369999995 5.214675149481283e-07
0.027472757485048807 5.214008287999695e-07
0.028527761114999998 4.762778970853122e-07
0.029584344859999997 4.3937073417245047e-07
0.029791120846254005 4.3287612810830616e-07
0.030640928604999992 4.0537411387423327e-07
0.03169751235 3.766812531093494e-07
0.0324458085976633 3.593813663804626e-07
0.032754096095 3.5191522637648125e-07
0.03310611321036409 3.441334592251223e-07
0.040854748969479555 2.307925852777387e-07
0.041206766054999996 2.2731066441751081e-07
0.042263349799999995 2.1831604822105095e-07
0.043319933544999994 2.1055234159333542e-07
0.044075915564278 2.0565123083486517e-07
0.044376517289999994 2.0346442937136807e-07
0.04543310103499999 1.9645408442052415e-07
0.04648968478 1.9037449919086023e-07
0.047546268525 1.85102688269248e-07
0.048602852269999997 1.8053697600292292e-07
0.049659436014999996 1.7659320789695308e-07
0.050716019759999995 1.7320175503454352e-07
0.051610712913725466 1.7073526474706922e-07
0.051772603504999994 1.702171796805546e-07
0.05282918724999999 1.6726737933716452e-07
0.05388577099499999 1.6481049514784092e-07
0.05494235473999999 1.6280945425763854e-07
0.055998938485 1.6123529868169955e-07
0.05705552223 1.6006637902676976e-07
0.058112105974999995 1.592877833676503e-07
0.05916868972 1.588909774098657e-07
0.06022527346499999 1.5887364246312582e-07
0.06128185721 1.5923970744209202e-07
0.062338440955 1.5999958078544033e-07
0.0633950247 1.611705985442189e-07
0.06445160844499999 1.6277771672844657e-07
0.06550819219 1.648544902830435e-07
0.06656477593499999 1.6744439904094435e-07
0.06762135968 1.7060260436054662e-07
0.06765973800624268 1.7073526474706922e-07
0.068677943425 1.7377634048771958e-07
0.06973452716999999 1.7752827767984323e-07
0.070791110915 1.819698085736297e-07
0.07184769465999999 1.8721142572738896e-07
0.072904278405 1.9339085632316816e-07
0.07396086214999999 2.006804977307857e-07
0.07459014276605128 2.0565123083486514e-07
0.07501744589499999 2.086783031319546e-07
0.07607402963999998 2.171623436552463e-07
0.07713061338499999 2.272681543777902e-07
0.07818719713 2.393714664810375e-07
0.07881879324882914 2.477076355991714e-07
0.07924378087499999 2.528994704283e-07
0.08030036462 2.676104292645884e-07
0.08135694836499999 2.8563060966882096e-07
0.08199599040042885 2.98364724028334e-07
0.08241353210999999 3.0629682716117974e-07
0.08347011585499998 3.294339719245081e-07
0.08452669959999999 3.587185572389857e-07
0.08454884127114368 3.5938136638046254e-07
0.085583283345 3.9002591667399075e-07
0.08663986708999999 4.306674885651144e-07
0.08669265195885302 4.3287612810830616e-07
0.087696450835 4.7576270148383567e-07
0.0885358474193137 5.214008287999695e-07
0.08875303457999999 5.336806679497728e-07
0.08980961832499999 6.029750356852514e-07
0.09013682985058324 6.280291441834261e-07
0.09086620206999999 6.886977366140331e-07
0.09154363105252221 7.564633275546291e-07
0.09192278581499999 7.987708291845299e-07
0.09278049070914536 9.111627561154905e-07
0.09297936956 9.411339039656749e-07
0.09388741579792087 1.0974987654930568e-06
0.09403595330499999 1.1279835915150815e-06
0.09488984207533382 1.3219411484660314e-06
0.09509253705 1.3791869699199025e-06
0.09580057621273586 1.592282793341094e-06
0.09614912079499999 1.7295434014689313e-06
0.09661900593141762 1.917910261672489e-06
0.09720570453999999 2.2456399402700262e-06
0.09732573840903407 2.310129700083163e-06
0.09801847166973034 2.782559402207126e-06
0.09826228828499999 3.0206152261334004e-06
0.0986411865104086 3.3516026509388474e-06
0.0991748610310602 4.037017258596558e-06
0.09931887202999999 4.290656016086549e-06
0.0997182651712433 4.862601580065353e-06
0.1001706688916148 5.857020818056673e-06
0.10037545577499998 6.53823056883256e-06
0.10059355338142012 7.0548023107186455e-06
0.10103148769951723 8.497534359086456e-06
0.10133333883769985 1.0235310218990268e-05
0.10143203951999999 1.1038080011483562e-05
0.10170330059391543 1.2328467394420684e-05
0.10205902600677084 1.4849682622544666e-05
0.10230421373541805 1.788649529057435e-05
0.10247321212604922 2.1544346900318864e-05
0.102488623265 2.1963350970402097e-05
0.10283439435232827 2.5950242113997373e-05
0.10310905991430504 3.125715849688242e-05
0.10329837623201794 3.764935806792471e-05
0.10342886462631984 4.534878508128592e-05
0.10351880521492407 5.462277217684348e-05
0.10354520700999999 5.840199459569488e-05
0.10376995322817543 6.579332246575681e-05
0.10403977592911312 7.924828983539185e-05
0.10422575425056424 9.545484566618348e-05
0.10435394189352232 0.0001149756995397738
0.10444229666347038 0.00013848863713938745
0.10450319617915252 0.0001668100537200059
0.10454517185304647 0.000200923300256505
0.10457410405684345 0.00024201282647943835
0.1045940459026531 0.0002915053062825182
0.104601790755 0.00031957179655654733

