0.0010220393977788292 9.999999999999999e-06
0.0010220553730158465 7.220809018385457e-06
0.001022077496819127 5.214008287999674e-06
0.0010221081357115805 3.764935806792456e-06
0.0010221505670519884 2.71858824273294e-06
0.0010222093296051332 1.9630406500402683e-06
0.0010222907090410933 1.417474162926802e-06
0.0010224034102962302 1.0235310218990268e-06
0.001022559488716496 7.390722033525775e-07
0.0010227756395849166 5.336699231206302e-07
0.0010230749839704948 3.8535285937105193e-07
0.001023489541925912 2.782559402207126e-07
0.0010240636575852566 2.009233002565046e-07
0.0010248587425351289 1.4508287784959372e-07
0.0010259598448446045 1.0476157527896619e-07
0.0010274847464252785 7.56463327554629e-08
0.0010295965618411828 5.462277217684337e-08
0.001032521186228927 3.944206059437648e-08
0.0010365714586844973 2.8480358684357933e-08
0.0010421806258083144 2.0565123083486514e-08
0.0010499486849127179 1.4849682622544636e-08
0.0010607065640984143 1.072267222010321e-08
0.0010756050043676606 7.742636826811278e-09
0.001096237651251475 5.590810182512222e-09
0.0011248115227265865 4.0370172585965495e-09
0.001164383087910381 2.9150530628251694e-09
0.0012191852092281073 2.104904144512022e-09
0.0012950799201644765 1.519911082952933e-09
0.001400185471001114 1.0974987654930544e-09
0.001545744715912606 7.924828983539153e-10
0.0017473277304209023 5.72236765935022e-10
0.002026497299917932 4.1320124001153345e-10
0.0020682584261676766 3.967084558622364e-10
0.002139408316929335 2.983647240283334e-10
0.002249875058564277 2.1544346900318779e-10
0.002402858943546835 1.5556761439304722e-10
0.002614724240902101 1.1233240329780266e-10
0.002908133603780742 8.111308307896855e-11
0.0031145189601353533 6.784926771276308e-11
0.003185879151781254 5.857020818056673e-11
0.0033867096865286377 4.229242874389499e-11
0.003664837157060062 3.053855508833412e-11
0.0040500121005093035 2.205130739903041e-11
0.00416077949410303 2.041933122154108e-11
0.004201717240558315 1.592282793341094e-11
0.004273269452459028 1.1497569953977356e-11
0.00437236113556341 8.302175681319734e-12
0.004509591857013146 5.994842503189421e-12
0.004699640812885434 4.328761281083061e-12
0.0049628370217706 3.1257158496882355e-12
0.005207040028070707 2.4849405391539905e-12
0.0052771743331659245 2.257019719633917e-12
0.0055714775674802885 1.6297508346206401e-12
0.00597905410573939 1.1768119524349942e-12
0.0062533005620383835 9.914138726893351e-13
0.006412587239936505 8.497534359086438e-13
0.006841647610008632 6.135907273413164e-13
0.00729956109600606 4.732274870717032e-13
0.007379947484772469 4.430621457583887e-13
0.007865321777925604 3.1992671377973843e-13
0.008345821629973738 2.5089771365070856e-13
0.008477370511663468 2.310129700083158e-13
0.009116216837049242 1.668100537200056e-13
0.009392082163941414 1.4893615669785436e-13
0.00977845002656975 1.2045035402587785e-13
0.01043834269790909 9.079193994674448e-14
0.010541395828918472 8.697490026177835e-14
0.011484603231876767 6.280722026924332e-14
0.011484751997977974 6.280291441834247e-14
0.012319945486968981 4.5348785081285914e-14
0.012530863765844447 4.237470794309525e-14
0.013279351923708103 3.2745491628777315e-14
0.013577124299812122 3.0030627467763833e-14
0.014365198046444252 2.3644894126454072e-14
0.014623384833779795 2.210495630047323e-14
0.015564893522771846 1.7073526474706888e-14
0.015669645367747474 1.6651828952849767e-14
0.016715905901715154 1.2846827045275312e-14
0.016886673291299614 1.2328467394420634e-14
0.01776216643568283 1.0215298606281422e-14
0.018384056754112234 8.902150854450354e-15
0.018808426969650505 8.184237774201191e-15
0.01985468750361818 6.702480133827737e-15
0.020073848924871275 6.42807311728432e-15
0.02090094803758586 5.567799316743788e-15
0.021947208571553536 4.6665503203205876e-15
0.02198059238726479 4.641588833612772e-15
0.022993469105521212 3.993481691725291e-15
0.02403972963948889 3.4407186712761196e-15
0.02422199565289733 3.3516026509388476e-15
0.025085990173456564 2.9851047521054992e-15
0.026132250707424243 2.621656490540796e-15
0.026826221203142556 2.4201282647943835e-15
0.02717851124139192 2.3292347874641633e-15
0.028224771775359595 2.0776985327705155e-15
0.029271032309327275 1.871002526349549e-15
0.0299910198902911 1.7475284000076828e-15
0.030317292843294954 1.6967844430515796e-15
0.031363553377262626 1.5490603243090278e-15
0.0324098139112303 1.4231379481072468e-15
0.03345607444519798 1.3153058512998967e-15
0.03404055592763788 1.2618568830660185e-15
0.034502334979165654 1.2226048497170304e-15
0.03554859551313333 1.1426583682090901e-15
0.036594856047101006 1.0735451881149689e-15
0.03764111658106868 1.0137031276100095e-15
0.03868737711503636 9.618555158800042e-16
0.03973363764900404 9.169546308097562e-16
0.03988409263843594 9.111627561154869e-16
0.040779898182971716 8.781378818016963e-16
0.04182615871693939 8.446936572489665e-16
0.04287241925090707 8.16034567983987e-16
0.04391867978487474 7.916764030920981e-16
0.04496494031884242 7.712215403767273e-16
0.046011200852810095 7.54345866921962e-16
0.047057461386777785 7.407884978859169e-16
0.048103721920745454 7.303437565402833e-16
0.04914998245471313 7.228550117550936e-16
0.050196242988680806 7.182100722062684e-16
0.051242503522648475 7.163379180310525e-16
0.05228876405661616 7.172066167923396e-16
0.053335024590583834 7.208223262823937e-16
0.05438128512455151 7.272293357627309e-16
0.05542754565851919 7.36511142952712e-16
0.05647380619248687 7.487926093844333e-16
0.057520066726454544 7.642432845217554e-16
0.05856632726042222 7.830820423806086e-16
0.059612587794389896 8.055832368401592e-16
0.06065884832835758 8.32084657748684e-16
0.06170510886232525 8.629976648637198e-16
0.06275136939629293 8.988199979529368e-16
0.06307374973741425 9.111627561154869e-16
0.06379762993026061 9.401519188970468e-16
0.06484389046422828 9.877165489057685e-16
0.06589015099819596 1.0423855397496757e-15
0.06693641153216363 1.105211588553601e-15
0.06798267206613132 1.1774698085150599e-15
0.069028932600099 1.2607106563450564e-15
0.06904234859920205 1.2618568830660185e-15
0.06937751032840173 1.2926753709277113e-15
0.07705043914353768 2.5784031772722776e-15
0.0773990168718404 2.678590181380585e-15
0.07844527740580809 3.034760497446115e-15
0.07923905696640185 3.3516026509388476e-15
0.07949153793977576 3.4667269268840976e-15
0.08053779847374344 3.995255638288958e-15
0.08157492669599865 4.641588833612772e-15
0.08158405900771111 4.648210174082325e-15
0.08263031954167879 5.463481629507846e-15
0.08362021115783924 6.428073117284319e-15
0.08367658007564646 6.493355374315403e-15
0.08472284060961413 7.811140327020935e-15
0.0854366864474356 8.902150854450355e-15
0.08576910114358183 9.52143916476521e-15
0.08681536167754951 1.1776417322294559e-14
0.08704455184377222 1.2328467394420634e-14
0.08786162221151717 1.4802215585118495e-14
0.08849835626852237 1.7073526474706888e-14
0.08890788274548485 1.8943015300585735e-14
0.08979617055169502 2.3644894126454072e-14
0.08995414327945253 2.473682381757765e-14
0.09097142142021379 3.2745491628777315e-14
0.0910004038134202 3.305034207480938e-14
0.09204666434738788 4.532843196889903e-14
0.09204826925256006 4.5348785081285914e-14
0.09304163146114848 6.280291441834247e-14
0.09309292488135557 6.407637196615318e-14
0.09396138135732557 8.697490026177834e-14
0.09413918541532323 9.384075756032506e-14
0.09480863246932464 1.2045035402587785e-13
0.09518544594929092 1.4332653860028817e-13
0.09557547225554806 1.6681005372000557e-13
0.0962317064832586 2.302980722909633e-13
0.0962395013396261 2.310129700083158e-13
0.09693736872345472 3.1992671377973843e-13
0.09727796701722627 3.9392373746056154e-13
0.09753031327389103 4.430621457583887e-13
0.09809253331907941 6.135907273413163e-13
0.09832422755119394 7.292618417995624e-13
0.0986134957958957 8.497534359086438e-13
0.09910006642709068 1.1768119524349942e-12
0.09937048808516163 1.497042016486818e-12
0.09951816938067716 1.6297508346206401e-12
0.09998116629155182 2.257019719633917e-12
0.10031548751850465 3.125715849688235e-12
0.10041674861912928 3.538185311459248e-12
0.10070852072505912 4.328761281083061e-12
0.10107143088576923 5.994842503189422e-12
0.10133348138190115 8.302175681319734e-12
0.10146300915309697 1.025268513606456e-11
0.10161409344674843 1.1497569953977356e-11
0.10195991030433148 1.592282793341094e-11
0.102209618052726 2.205130739903041e-11
0.10238992724888282 3.053855508833412e-11
0.10250926968706467 4.097744889624408e-11
0.10254706756197839 4.2292428743895e-11
0.10287441699678543 5.857020818056673e-11
0.10311078977188726 8.111308307896855e-11
0.10328147003850287 1.1233240329780266e-10
0.10340471499934675 1.5556761439304722e-10
0.10349370783181999 2.1544346900318779e-10
0.10355553022103232 2.940712096463232e-10
0.10357110944646554 2.983647240283334e-10
0.10386766348280445 4.132012400115334e-10
0.10408179948880791 5.72236765935022e-10
0.10423642300913905 7.924828983539153e-10
0.10434807370014522 1.0974987654930544e-09
0.10442869453179791 1.5199110829529333e-09
0.10448690929462473 2.104904144512022e-09
0.10452894506306715 2.9150530628251698e-09
0.10455929828865365 4.0370172585965495e-09
0.10458121577315907 5.590810182512222e-09
0.10459704197013704 7.742636826811278e-09
0.10460179075500001 8.753573216458813e-09

