0.009262372406134986 9.999999999999999e-06
0.009392082163941414 9.679610195098585e-06
0.009553041120034668 9.111627561154906e-06
0.009837711092766134 8.302175681319752e-06
0.010180597082726554 7.564633275546291e-06
0.01043834269790909 7.116651888842302e-06
0.010536960540992173 6.892612104349709e-06
0.01085293855040336 6.280291441834259e-06
0.011233535181383057 5.72236765935022e-06
0.011484603231876767 5.420794675690519e-06
0.011616580711671485 5.214008287999695e-06
0.011968021275574912 4.750810162102793e-06
0.012391332678987111 4.328761281083061e-06
0.012530863765844447 4.208722694277032e-06
0.012776112129729284 3.944206059437664e-06
0.013182809229397217 3.5938136638046257e-06
0.01357712429981212 3.3280221144672248e-06
0.013649661621231867 3.2745491628777315e-06
0.014097585594155863 2.98364724028334e-06
0.014623384833779797 2.7242112747049535e-06
0.014632868413225163 2.71858824273294e-06
0.01508184567772165 2.4770763559917136e-06
0.015622640382303378 2.257019719633921e-06
0.015669645367747474 2.2398453906981307e-06
0.016142476035885398 2.0565123083486514e-06
0.016715905901715154 1.8839107326147511e-06
0.016745312142253454 1.873817422860387e-06
0.017283596195551715 1.7073526474706922e-06
0.01776216643568283 1.5901879330767668e-06
0.017892407972793265 1.5556761439304722e-06
0.01849144378028056 1.4174741629268076e-06
0.018808426969650505 1.3563334638861049e-06
0.019145861809076955 1.2915496650148827e-06
0.01985468750361818 1.1789323141622246e-06
0.0198673135169233 1.1768119524349991e-06
0.020553118574397677 1.0722672220103253e-06
0.02090094803758586 1.02778468043419e-06
0.02130434461405184 9.770099572992247e-07
0.021947208571553536 9.077780492835104e-07
0.022107511895595025 8.902150854450392e-07
0.022932501696395793 8.111308307896873e-07
0.02299346910552121 8.058716278508484e-07
0.02381077698093919 7.390722033525776e-07
0.024039729639488888 7.225458913282828e-07
0.02469797841834298 6.734150657750828e-07
0.02508599017345657 6.478492091977646e-07
0.02564898147668147 6.135907273413175e-07
0.026132250707424243 5.870848363262105e-07
0.02666683550940236 5.590810182512222e-07
0.02717851124139192 5.346810816115366e-07
0.027741363565635065 5.094138014816385e-07
0.028224771775359595 4.894566038288941e-07
0.028881802646991375 4.6415888336127815e-07
0.029271032309327275 4.502442155196533e-07
0.0301034610707903 4.229242874389499e-07
0.03031729284329495 4.1634298244366183e-07
0.031363553377262626 3.866602010492031e-07
0.03141280767794104 3.853528593710535e-07
0.0324098139112303 3.6012314407752956e-07
0.032804920315893875 3.511191734215135e-07
0.032813812753233376 3.509244964571008e-07
0.040406991048488106 2.3582137116250515e-07
0.040779898182971716 2.3200243312303672e-07
0.04182615871693939 2.2272348234448166e-07
0.042098891436160045 2.2051307399030456e-07
0.04287241925090707 2.1414618403463096e-07
0.043918679784874744 2.065351813692474e-07
0.04479906674582552 2.009233002565046e-07
0.04496494031884242 1.9983841002655834e-07
0.046011200852810095 1.935490987698888e-07
0.04705746138677778 1.8808686059389228e-07
0.048103721920745454 1.8334615409306373e-07
0.048170054962749065 1.8307382802953697e-07
0.04914998245471313 1.7886565237196932e-07
0.050196242988680806 1.7497484728095304e-07
0.05124250352264848 1.716343522728946e-07
0.05228876405661616 1.6878975379683375e-07
0.053149713445827106 1.668100537200059e-07
0.053335024590583834 1.663561285427815e-07
0.05438128512455151 1.641851328614282e-07
0.055427545658519185 1.6243827467291204e-07
0.05647380619248686 1.6109130471429985e-07
0.057520066726454544 1.601265878066137e-07
0.05856632726042221 1.5953266167776762e-07
0.059612587794389896 1.5930398426030617e-07
0.060658848328357565 1.5944086111933255e-07
0.06170510886232525 1.5994955336132318e-07
0.06275136939629294 1.6084257532246968e-07
0.06379762993026061 1.6213920118584737e-07
0.06484389046422828 1.6386621118816293e-07
0.06589015099819596 1.6605892219675392e-07
0.06618732760387848 1.6681005372000588e-07
0.06693641153216363 1.6858910965481957e-07
0.06798267206613132 1.7157000783076543e-07
0.069028932600099 1.7513307814780603e-07
0.07007519313406667 1.7935869061385685e-07
0.07086484689560894 1.8307382802953697e-07
0.07112145366803435 1.8423344074155547e-07
0.07216771420200202 1.895853600000872e-07
0.0732139747359697 1.9588485717577497e-07
0.0739402743256638 2.009233002565046e-07
0.07426023526993737 2.0309570879516733e-07
0.07530649580390505 2.1108363545678685e-07
0.07634888051746647 2.2051307399030456e-07
0.07635275633787272 2.2054787468130258e-07
0.0773990168718404 2.3081943785090325e-07
0.07835954148369623 2.4201282647943835e-07
0.07844527740580809 2.430201748618525e-07
0.07949153793977576 2.5652721079776837e-07
0.08010127806303219 2.656087782946684e-07
0.08053779847374344 2.722809286399697e-07
0.08158405900771111 2.9059138827535656e-07
0.08163229069557341 2.915053062825181e-07
0.08263031954167879 3.113106777287489e-07
0.08301546414569634 3.199267137797384e-07
0.08367658007564646 3.3559307583034416e-07
0.08426452010548205 3.511191734215135e-07
0.08472284060961414 3.640991445240198e-07
0.0854045346502669 3.853528593710535e-07
0.08576910114358183 3.9770834835793815e-07
0.0864538161973481 4.2292428743894996e-07
0.0868153616775495 4.376137337472528e-07
0.0874251237008365 4.641588833612782e-07
0.08786162221151718 4.854697909010311e-07
0.08832638555188346 5.094138014816385e-07
0.08890788274548485 5.436296591147324e-07
0.08916094724907359 5.590810182512222e-07
0.08993143790909083 6.135907273413175e-07
0.08995414327945253 6.153643625099709e-07
0.09068377877924046 6.734150657750828e-07
0.0910004038134202 7.03467986814061e-07
0.09137647402596938 7.390722033525775e-07
0.09200612867181399 8.111308307896872e-07
0.09204666434738788 8.162900108419804e-07
0.09264295419482946 8.902150854450391e-07
0.09309292488135557 9.606616096510888e-07
0.09320309169815735 9.770099572992247e-07
0.09376927300740885 1.0722672220103253e-06
0.09413918541532323 1.1511047311776035e-06
0.09427055408388554 1.1768119524349991e-06
0.09478249295432295 1.2915496650148827e-06
0.09518544594929092 1.4096816545099606e-06
0.09521550876431605 1.4174741629268076e-06
0.09569621031128539 1.5556761439304722e-06
0.09609529718060758 1.7073526474706922e-06
0.09623170648325859 1.7685269842881226e-06
0.09650965564532406 1.873817422860387e-06
0.09690190394867781 2.0565123083486514e-06
0.09722755538119206 2.2570197196339214e-06
0.09727796701722627 2.292198707650181e-06
0.09760986323909536 2.4770763559917136e-06
0.09794856336850483 2.71858824273294e-06
0.09822975816626915 2.98364724028334e-06
0.09832422755119394 3.0885876734997706e-06
0.09854963066237425 3.2745491628777315e-06
0.09886396212714263 3.5938136638046257e-06
0.09912492563141001 3.944206059437664e-06
0.09934158211729406 4.328761281083061e-06
0.09937048808516162 4.3866498423533676e-06
0.09963981416022072 4.750810162102793e-06
0.09990622668276028 5.214008287999695e-06
0.10012740703934295 5.72236765935022e-06
0.10031103485710358 6.280291441834259e-06
0.10041674861912929 6.679841646590137e-06
0.10051191416893415 6.892612104349709e-06
0.10076962855044094 7.564633275546291e-06
0.10098358755752815 8.302175681319752e-06
0.10116122008407201 9.111627561154906e-06
0.1013086937282804 9.999999999999999e-06

