0.0010220020423438348 9.999999999999999e-06
0.0010220036399826082 7.220809018385457e-06
0.0010220058524460275 5.214008287999674e-06
0.0010220089163952715 3.764935806792456e-06
0.0010220131595726361 2.71858824273294e-06
0.0010220190358592339 1.9630406500402683e-06
0.0010220271738254191 1.417474162926802e-06
0.001022038443967244 1.0235310218990268e-06
0.0010220540518210484 7.390722033525775e-07
0.0010220756669163953 5.336699231206302e-07
0.001022105601361094 3.8535285937105193e-07
0.0010221470571610699 2.782559402207126e-07
0.0010222044687302064 2.009233002565046e-07
0.0010222839772275059 1.4508287784959372e-07
0.001022394087460123 1.0476157527896619e-07
0.0010225465776193957 7.56463327554629e-08
0.0010227577591618566 5.462277217684337e-08
0.0010230502216012594 3.944206059437648e-08
0.0010234552488472706 2.8480358684357933e-08
0.00102401616555998 2.0565123083486514e-08
0.0010247929714706568 1.4849682622544636e-08
0.0010258687593893976 1.072267222010321e-08
0.0010273586034164456 7.742636826811278e-09
0.001029421868104916 5.590810182512222e-09
0.0010322792552524913 4.0370172585965495e-09
0.0010362364117709176 2.9150530628251698e-09
0.0010417166239027236 2.104904144512022e-09
0.0010493060949963847 1.519911082952933e-09
0.0010598166500800658 1.0974987654930544e-09
0.0010743725745712277 7.924828983539153e-10
0.0010945308760220665 5.72236765935022e-10
0.0011224478329717761 4.132012400115334e-10
0.0011611096461822137 2.983647240283334e-10
0.0012146518643907206 2.1544346900318779e-10
0.0012888017526818752 1.5556761439304722e-10
0.0013914909224166728 1.1233240329780266e-10
0.0015337037540721448 8.111308307896855e-11
0.0017306523664691357 5.857020818056673e-11
0.002003403815642665 4.229242874389499e-11
0.0020682584261676766 3.967084558626573e-11
0.002132809914658313 3.053855508833412e-11
0.002240737021186107 2.205130739903041e-11
0.002390203800120426 1.592282793341094e-11
0.0025971983052427115 1.1497569953977356e-11
0.0028838621743399848 8.302175681319734e-12
0.0031145189601353533 6.784926771278807e-12
0.0031738831370804192 5.994842503189421e-12
0.003370096569258379 4.328761281083061e-12
0.003641829877366055 3.125715849688235e-12
0.00401814963241815 2.257019719633917e-12
0.004160779494103031 2.0419331221544928e-12
0.004197443281984604 1.6297508346206401e-12
0.004267350505478383 1.1768119524349942e-12
0.004364164066556899 8.497534359086439e-13
0.004498239847860647 6.135907273413163e-13
0.004683919570122191 4.4306214575838873e-13
0.004941064886926403 3.1992671377973843e-13
0.005207040028070707 2.484940539154015e-13
0.00525959500475438 2.310129700083158e-13
0.005547132195144881 1.6681005372000557e-13
0.0059453385313855715 1.2045035402587785e-13
0.0062533005620383835 9.9141387268934e-14
0.0063869585948030235 8.697490026177836e-14
0.0068061548486459825 6.280291441834247e-14
0.00729956109600606 4.732274870717045e-14
0.007350955094927549 4.5348785081285914e-14
0.007825170612355235 3.2745491628777315e-14
0.008345821629973738 2.5089771365070902e-14
0.00843921092641585 2.3644894126454072e-14
0.00906337014750177 1.7073526474706888e-14
0.009392082163941414 1.489361566978545e-14
0.009732007861846808 1.2328467394420634e-14
0.01043834269790909 9.079193994674458e-15
0.01048504223869515 8.902150854450355e-15
0.011406792639045309 6.428073117284319e-15
0.011484603231876767 6.280722026924338e-15
0.01225085655388618 4.641588833612772e-15
0.012530863765844445 4.237470794309529e-15
0.013203626713691196 3.3516026509388476e-15
0.013577124299812122 3.0030627467763852e-15
0.01427999399119314 2.4201282647943835e-15
0.014623384833779797 2.2104956300473237e-15
0.015469797500569944 1.7475284000076828e-15
0.015669645367747474 1.665182895284977e-15
0.016715905901715154 1.2846827045275316e-15
0.016789374060660004 1.2618568830660185e-15
0.01776216643568283 1.0215298606281428e-15
0.018272834665749235 9.111627561154869e-16
0.01880842696965051 8.184237774201191e-16
0.01985468750361818 6.702480133827741e-16
0.019950781189373584 6.579332246575682e-16
0.02090094803758586 5.567799316743789e-16
0.021832569783695084 4.750810162102793e-16
0.021947208571553536 4.666550320320589e-16
0.022993469105521212 3.993481691725292e-16
0.02403972963948889 3.4407186712761204e-16
0.024060210429552118 3.430469286314912e-16
0.025085990173456568 2.9851047521055004e-16
0.026132250707424243 2.621656490540796e-16
0.026618672181856845 2.477076355991714e-16
0.027178511241391916 2.329234787464164e-16
0.02822477177535959 2.0776985327705158e-16
0.029271032309327275 1.8710025263495497e-16
0.029740199294421316 1.7886495290574351e-16
0.03031729284329495 1.6967844430515797e-16
0.031363553377262626 1.5490603243090282e-16
0.0324098139112303 1.4231379481072473e-16
0.03263499195961954 1.3999301329173567e-16
0.03846219906664712 9.730142508642355e-17
0.03868737711503636 9.618555158800044e-17
0.039357560866277674 9.32603346883218e-17
0.03973363764900403 9.169546308097565e-17
0.040779898182971716 8.781378818016963e-17
0.04182615871693939 8.446936572489665e-17
0.04287241925090707 8.16034567983987e-17
0.043918679784874744 7.916764030920984e-17
0.04496494031884242 7.712215403767271e-17
0.046011200852810095 7.543458669219621e-17
0.04705746138677778 7.407884978859168e-17
0.048103721920745454 7.303437565402833e-17
0.04914998245471313 7.228550117550934e-17
0.050196242988680806 7.182100722062685e-17
0.05124250352264848 7.163379180310525e-17
0.05228876405661616 7.172066167923396e-17
0.053335024590583834 7.208223262823937e-17
0.05438128512455151 7.272293357627309e-17
0.055427545658519185 7.36511142952712e-17
0.05647380619248687 7.487926093844332e-17
0.057520066726454544 7.642432845217555e-17
0.05856632726042223 7.830820423806086e-17
0.059612587794389896 8.055832368401593e-17
0.060658848328357565 8.320846577486842e-17
0.06170510886232525 8.6299766486372e-17
0.06275136939629293 8.988199979529368e-17
0.06361347013944481 9.32603346883218e-17
0.06379762993026061 9.401519188970466e-17
0.06484389046422828 9.877165489057687e-17
0.06589015099819596 1.0423855397496761e-16
0.06693641153216363 1.1052115885536012e-16
0.06798267206613132 1.1774698085150602e-16
0.069028932600099 1.2607106563450563e-16
0.0693815890984725 1.2915496650148827e-16
0.07007519313406667 1.3568280685792008e-16
0.07112145366803435 1.468147786152278e-16
0.07216771420200202 1.5975427166914532e-16
0.0732139747359697 1.7485848462991885e-16
0.07346871903828728 1.7886495290574351e-16
0.07426023526993737 1.925747044400277e-16
0.07530649580390505 2.1346736842878e-16
0.07635275633787272 2.382547225202041e-16
0.07671401448859327 2.477076355991714e-16
0.0773990168718404 2.678590181380586e-16
0.07844527740580809 3.0347604974461163e-16
0.07941384880703944 3.430469286314912e-16
0.07949153793977576 3.4667269268841004e-16
0.08053779847374344 3.9952556382889616e-16
0.08158405900771112 4.648210174082329e-16
0.08173548022287837 4.750810162102793e-16
0.08263031954167879 5.463481629507854e-16
0.08367658007564646 6.493355374315412e-16
0.0837576219660848 6.579332246575682e-16
0.08472284060961414 7.811140327020952e-16
0.0855541842401968 9.111627561154869e-16
0.08576910114358183 9.521439164765234e-16
0.08681536167754948 1.1776417322294592e-15
0.08715695292113201 1.2618568830660185e-15
0.08786162221151718 1.4802215585118553e-15
0.08859375618611776 1.7475284000076832e-15
0.08890788274548483 1.894301530058583e-15
0.08987844617021934 2.4201282647943835e-15
0.08995414327945253 2.4736823817577816e-15
0.0910004038134202 3.3050342074809695e-15
0.0910540722479571 3.3516026509388476e-15
0.09204666434738788 4.5328431968899616e-15
0.09213044222931425 4.641588833612772e-15
0.09309292488135555 6.407637196615437e-15
0.09310341179825522 6.428073117284319e-15
0.09401725129397208 8.902150854450357e-15
0.09413918541532323 9.384075756032777e-15
0.09486290864371781 1.2328467394420634e-14
0.09518544594929092 1.433265386002946e-14
0.09563019869404574 1.7073526474706888e-14
0.0962317064832586 2.3029807229097978e-14
0.0962972303732182 2.3644894126454072e-14
0.09697905375609313 3.2745491628777315e-14
0.09727796701722627 3.939237374606117e-14
0.09757682127903186 4.534878508128591e-14
0.09812611586137415 6.280291441834247e-14
0.09832422755119394 7.292618417997377e-14
0.09865374592502316 8.697490026177835e-14
0.09912913027663002 1.2045035402587785e-13
0.09937048808516162 1.4970420164875656e-13
0.09955646944289494 1.668100537200056e-13
0.10000882203501824 2.310129700083158e-13
0.10033545720268765 3.1992671377973843e-13
0.10041674861912929 3.538185311463531e-13
0.10073854140426375 4.4306214575838873e-13
0.10109310824488256 6.135907273413163e-13
0.10134913418891865 8.497534359086438e-13
0.10146300915309697 1.0252685136101055e-12
0.10164270013255639 1.1768119524349942e-12
0.10198056664581692 1.6297508346206401e-12
0.10222453360241313 2.257019719633917e-12
0.10240069748245094 3.125715849688235e-12
0.10250926968706464 4.097744889682869e-12
0.1025741465843604 4.328761281083061e-12
0.10289397024168312 5.994842503189421e-12
0.10312490879659203 8.302175681319734e-12
0.10329166511658995 1.1497569953977356e-11
0.10341207667052132 1.592282793341094e-11
0.10349902355397587 2.205130739903041e-11
0.10355553022103232 2.9407120967683595e-11
0.10359564100968845 3.053855508833412e-11
0.1038853772560688 4.229242874389499e-11
0.10409459026615045 5.857020818056673e-11
0.10424565898514655 8.111308307896855e-11
0.10435474282199887 1.1233240329780266e-10
0.1044335101772892 1.5556761439304722e-10
0.10449038658023269 2.1544346900318779e-10
0.10453145594456346 2.983647240283334e-10
0.10456111134819737 4.1320124001153345e-10
0.10458252494879777 5.72236765935022e-10
0.10459798730083092 7.924828983539153e-10
0.104601790755 8.753573244600363e-10

