0.0010219983844269624 9.999999999999999e-06
0.0010219985739417501 7.220809018385457e-06
0.0010219988363805942 5.214008287999674e-06
0.0010219991998158624 3.764935806792456e-06
0.0010219997031232343 2.71858824273294e-06
0.0010220004001401267 1.9630406500402683e-06
0.001022001365424536 1.417474162926802e-06
0.001022002702230304 1.0235310218990268e-06
0.0010220045535518979 7.390722033525775e-07
0.0010220071174201408 5.336699231206302e-07
0.0010220106680850272 3.8535285937105193e-07
0.0010220155853514984 2.782559402207126e-07
0.0010220223952061409 2.009233002565046e-07
0.0010220318260805367 1.4508287784959372e-07
0.0010220448867696034 1.0476157527896619e-07
0.0010220629743396383 7.56463327554629e-08
0.0010220880235686865 5.462277217684337e-08
0.001022122713904476 3.944206059437648e-08
0.001022170756077634 2.8480358684357933e-08
0.001022237289028423 2.0565123083486514e-08
0.0010223294296051698 1.4849682622544636e-08
0.0010224570338341218 1.072267222010321e-08
0.0010226337511917041 7.742636826811278e-09
0.0010228784846517893 5.590810182512222e-09
0.001023217412685272 4.0370172585965495e-09
0.0010236867894997156 2.9150530628251698e-09
0.0010243368230530795 2.104904144512022e-09
0.001025237045662077 1.519911082952933e-09
0.0010264837516844945 1.0974987654930544e-09
0.0010282102978640725 7.924828983539153e-10
0.0010306013681377502 5.72236765935022e-10
0.0010339127287728102 4.1320124001153345e-10
0.001038498586987074 2.983647240283334e-10
0.0010448494795291519 2.1544346900318779e-10
0.0010536447440568618 1.5556761439304722e-10
0.001065825186034091 1.1233240329780266e-10
0.001082693714125909 8.111308307896855e-11
0.0011060547087857423 5.857020818056673e-11
0.001138407031912351 4.229242874389499e-11
0.0011832113232933216 3.053855508833412e-11
0.0012452601758067877 2.205130739903041e-11
0.0013311907860133147 1.592282793341094e-11
0.0014501949169738943 1.1497569953977356e-11
0.0016150021160807727 8.302175681319734e-12
0.001843241360031482 5.994842503189422e-12
0.0020682584261676766 4.7055442565082415e-12
0.0020873597265390507 4.328761281083061e-12
0.0021791748152672364 3.125715849688235e-12
0.0023063282803352197 2.257019719633917e-12
0.0024824213811833777 1.6297508346206401e-12
0.002726290316644478 1.1768119524349942e-12
0.0030640210817708836 8.497534359086438e-13
0.0031145189601353533 8.158509365632063e-13
0.0032652702192251543 6.135907273413163e-13
0.00349931224343014 4.4306214575838863e-13
0.003823433853085063 3.1992671377973843e-13
0.00416077949410303 2.4814792115355635e-13
0.004171090354832315 2.310129700083158e-13
0.004228562211137164 1.6681005372000557e-13
0.004308154201672457 1.2045035402587785e-13
0.004418380064636892 8.697490026177835e-14
0.004571030360031468 6.280291441834247e-14
0.004782433673712663 4.534878508128591e-14
0.005075203241697258 3.2745491628777315e-14
0.005207040028070707 2.910323655100774e-14
0.005370699356384859 2.3644894126454072e-14
0.005706555896451792 1.7073526474706888e-14
0.006171679041533987 1.2328467394420634e-14
0.0062533005620383835 1.1755164879874998e-14
0.006553316559284919 8.902150854450355e-15
0.007029091719384172 6.428073117284319e-15
0.00729956109600606 5.551052047339442e-15
0.007533586761373825 4.641588833612772e-15
0.008083363276394803 3.3516026509388476e-15
0.008345821629973738 2.9590124938796774e-15
0.00868353445351614 2.4201282647943835e-15
0.009392082163941414 1.7510590876208851e-15
0.009395490395395008 1.747528400007683e-15
0.010046074009233786 1.2618568830660185e-15
0.01043834269790909 1.0807538562888232e-15
0.01080725068556014 9.111627561154869e-16
0.011484603231876767 7.073587549986409e-16
0.011654387265793114 6.579332246575682e-16
0.012530863765844445 4.835229323769161e-16
0.01257996678912397 4.750810162102793e-16
0.01357712429981212 3.507293516267855e-16
0.013636926970090172 3.430469286314912e-16
0.014623384833779797 2.51997026616074e-16
0.014680888528675023 2.477076355991714e-16
0.015669645367747474 1.9162322942933956e-16
0.015921652147421143 1.7886495290574351e-16
0.016715905901715154 1.478416691829454e-16
0.01728126756586402 1.2915496650148827e-16
0.017762166435682833 1.1661705270839955e-16
0.01878693071494325 9.32603346883218e-17
0.018808426969650505 9.287015491933837e-17
0.01985468750361818 7.553606302413972e-17
0.020458861447963494 6.7341506577508e-17
0.02090094803758586 6.238900614379854e-17
0.021947208571553536 5.1994494911357456e-17
0.02236698961716902 4.862601580065333e-17
0.022993469105521216 4.4339077984632903e-17
0.02403972963948889 3.791689718926637e-17
0.024594253222634088 3.5111917342151415e-17
0.025085990173456568 3.2950345145928695e-17
0.02613225070742424 2.881437310233745e-17
0.02717851124139192 2.5416303218124976e-17
0.027199081015162895 2.5353644939701166e-17
0.028224771775359595 2.2578144779671673e-17
0.029271032309327275 2.0270129757831485e-17
0.03031729284329495 1.8328181666375637e-17
0.03032935600249434 1.8307382802953697e-17
0.031363553377262626 1.6684198132326515e-17
0.0324098139112303 1.5284866629148797e-17
0.03345607444519798 1.408808510528919e-17
0.03432975278451028 1.3219411484660287e-17
0.034502334979165654 1.306033593463901e-17
0.03554859551313333 1.2174738532292894e-17
0.036594856047101006 1.1409590799561156e-17
0.03764111658106868 1.0747266560050326e-17
0.03868737711503636 1.0173374956369789e-17
0.03973363764900404 9.676114527714092e-18
0.04004125795069241 9.545484566618326e-18
0.040779898182971716 9.245773343870909e-18
0.04182615871693939 8.874339725097998e-18
0.04287241925090707 8.5551974501143e-18
0.043918679784874744 8.282886100956671e-18
0.04496494031884242 8.052912097818936e-18
0.046011200852810095 7.861599577614377e-18
0.04705746138677778 7.705972940557086e-18
0.048103721920745454 7.583664891691771e-18
0.04820550028922115 7.574830125374901e-18
0.05218698568814046 7.398308196317548e-18
0.05228876405661616 7.398047280387299e-18
0.053335024590583834 7.424041775485591e-18
0.05438128512455151 7.479034927921965e-18
0.055427545658519185 7.563757972632101e-18
0.056473806192486875 7.679370586129558e-18
0.057520066726454544 7.827492193942298e-18
0.05856632726042222 8.010246747108425e-18
0.059612587794389896 8.230322975476898e-18
0.060658848328357565 8.491052896390028e-18
0.06170510886232525 8.796512316330691e-18
0.06275136939629293 9.151648284135627e-18
0.06375622716940653 9.545484566618326e-18
0.06379762993026061 9.562440036624802e-18
0.06484389046422828 1.0036102056627669e-17
0.06589015099819596 1.0581340627431408e-17
0.06693641153216363 1.1208678980275353e-17
0.06798267206613132 1.193087116628601e-17
0.069028932600099 1.2763431676040083e-17
0.06954389114816836 1.3219411484660287e-17
0.07007519313406667 1.3725317352307026e-17
0.07112145366803435 1.4839811424942572e-17
0.07216771420200202 1.6135678211551434e-17
0.0732139747359697 1.7648683669107938e-17
0.07362592909899066 1.8307382802953697e-17
0.07426023526993737 1.9423615324405935e-17
0.07530649580390505 2.151699093540697e-17
0.07635275633787272 2.4000727514001264e-17
0.07686029694595545 2.5353644939701166e-17
0.0773990168718404 2.6967165201889103e-17
0.07844527740580809 3.0536026523209044e-17
0.07949153793977576 3.486417744489984e-17
0.07954752361294365 3.5111917342151415e-17
0.08053779847374344 4.0159503150261716e-17
0.0815840590077111 4.670092072111257e-17
0.08186234370959389 4.862601580065334e-17
0.08263031954167879 5.486769879180969e-17
0.08367658007564646 6.518314945465415e-17
0.08387573411923764 6.7341506577508e-17
0.08472284060961414 7.838095561828152e-17
0.08565370544375793 9.32603346883218e-17
0.08576910114358183 9.550792242226434e-17
0.0868153616775495 1.1808673873919562e-16
0.08725453279784266 1.2915496650148827e-16
0.08786162221151718 1.4838020885931617e-16
0.08867824733784095 1.7886495290574351e-16
0.08890788274548485 1.8983206444386203e-16
0.08995251968778536 2.477076355991714e-16
0.08995414327945253 2.478250664977813e-16
0.0910004038134202 3.3103007541606123e-16
0.09113579429052406 3.430469286314912e-16
0.09204666434738788 4.539013721036293e-16
0.0922061631070448 4.750810162102793e-16
0.09309292488135557 6.415003162072236e-16
0.09317534747390062 6.579332246575682e-16
0.09406957307998032 9.111627561154869e-16
0.09413918541532323 9.393063057932321e-16
0.09491403202662588 1.2618568830660185e-15
0.09518544594929092 1.4343907902842304e-15
0.09568200852222694 1.7475284000076828e-15
0.09623170648325857 2.3044349751720775e-15
0.09635214160205559 2.4201282647943835e-15
0.09701883756486113 3.3516026509388476e-15
0.09727796701722627 3.941191119423914e-15
0.09762134982503891 4.641588833612772e-15
0.09815835653811271 6.428073117284319e-15
0.09832422755119394 7.295376466572548e-15
0.09869247382574392 8.902150854450355e-15
0.09915714909707787 1.2328467394420634e-14
0.09937048808516162 1.4974576532789904e-14
0.09959346118590809 1.7073526474706888e-14
0.10003556405547957 2.3644894126454072e-14
0.10035479809424516 3.2745491628777315e-14
0.1004167486191293 3.5388710124692586e-14
0.1007676428401941 4.534878508128592e-14
0.10111413765049038 6.280291441834247e-14
0.1013643349355915 8.697490026177835e-14
0.10146300915309697 1.025397902827247e-13
0.10167050284319337 1.2045035402587785e-13
0.10200064915908585 1.6681005372000557e-13
0.10223904150860416 2.310129700083158e-13
0.10241118007133573 3.1992671377973843e-13
0.10250926968706467 4.098049639485228e-13
0.1026005199823035 4.4306214575838863e-13
0.10291301596610895 6.135907273413163e-13
0.10313866334791613 8.497534359086438e-13
0.10330159901286895 1.1768119524349942e-12
0.10341925174475976 1.6297508346206401e-12
0.10350420653550722 2.257019719633917e-12
0.10355553022103232 2.9408234111971953e-12
0.10361957008437929 3.125715849688235e-12
0.10390265621033148 4.328761281083061e-12
0.10410706729545702 5.994842503189421e-12
0.10425466863615027 8.302175681319734e-12
0.10436124874535063 1.1497569953977356e-11
0.10443820820672006 1.592282793341094e-11
0.10449377916399072 2.205130739903041e-11
0.10453390589093275 3.053855508833412e-11
0.10456288063411087 4.229242874389499e-11
0.1045838027427955 5.857020818056673e-11
0.10459891019790282 8.111308307896855e-11
0.104601790755 8.753715088401697e-11

