0.004216778249416422 9.999999999999999e-06
0.004306237176345214 9.111627561154906e-06
0.004413990770538696 8.302175681319752e-06
0.004543780356220353 7.564633275546291e-06
0.004700112371662628 6.892612104349709e-06
0.004888414837718642 6.280291441834259e-06
0.00511522582472257 5.72236765935022e-06
0.005207040028070707 5.529815178852982e-06
0.005273997309966387 5.214008287999695e-06
0.005395472511985037 4.750810162102793e-06
0.005541789822870145 4.328761281083061e-06
0.005718029541832403 3.944206059437664e-06
0.005930310907256664 3.5938136638046257e-06
0.0061860045634411455 3.2745491628777315e-06
0.006253300562038383 3.2012615612413336e-06
0.006361140603623625 2.98364724028334e-06
0.0065273524124533945 2.71858824273294e-06
0.006727555124621662 2.4770763559917136e-06
0.0069687000001977546 2.257019719633921e-06
0.007259159856544423 2.0565123083486514e-06
0.00729956109600606 2.031686807995339e-06
0.007450195555715981 1.873817422860387e-06
0.007655323079325404 1.7073526474706922e-06
0.007902399907717472 1.5556761439304722e-06
0.008200004822231622 1.4174741629268076e-06
0.008345821629973738 1.3605136476063926e-06
0.008465893462619398 1.2915496650148827e-06
0.008709693242175234 1.1768119524349991e-06
0.00900335093976455 1.0722672220103253e-06
0.009357062676135139 9.770099572992247e-07
0.009392082163941414 9.685588265799676e-07
0.009619322491159443 8.902150854450392e-07
0.009917547238939128 8.111308307896871e-07
0.010276760003432544 7.390722033525775e-07
0.01043834269790909 7.116335672582472e-07
0.01061053154501516 6.734150657750828e-07
0.01094155508520944 6.135907273413175e-07
0.011340274111282446 5.590810182512222e-07
0.011484603231876767 5.421433376977123e-07
0.011698408669221318 5.094138014816385e-07
0.012066583340135821 4.6415888336127826e-07
0.012510051034685953 4.229242874389499e-07
0.012530863765844443 4.21174932396845e-07
0.012870805788986023 3.853528593710535e-07
0.013296868077212008 3.511191734215135e-07
0.01357712429981212 3.326625586801175e-07
0.013753954373994605 3.199267137797384e-07
0.014223206584081906 2.9150530628251817e-07
0.014623384833779797 2.722139528078809e-07
0.014737406410011884 2.656087782946684e-07
0.015207762064942811 2.4201282647943835e-07
0.015669645367747474 2.239173031733077e-07
0.015751525881195282 2.2051307399030456e-07
0.016285395370807497 2.009233002565046e-07
0.016715905901715154 1.8826290638487682e-07
0.016870643959883778 1.8307382802953697e-07
0.01743455881359451 1.668100537200059e-07
0.01776216643568283 1.589738785252107e-07
0.018031884975907145 1.519911082952933e-07
0.01865944432431591 1.3848863713938745e-07
0.018808426969650505 1.356810784711827e-07
0.019314644678757785 1.261856883066021e-07
0.01985468750361818 1.178028122479601e-07
0.020026993510909127 1.1497569953977358e-07
0.020745453692462116 1.0476157527896664e-07
0.02090094803758586 1.0281873626299812e-07
0.021499763466836533 9.545484566618347e-08
0.021947208571553536 9.074695927294795e-08
0.02229959908567113 8.697490026177834e-08
0.022993469105521212 8.055684660827463e-08
0.02314278378356262 7.924828983539185e-08
0.02403972963948889 7.23060515657607e-08
0.024051969821421378 7.220809018385471e-08
0.024934139263704906 6.579332246575683e-08
0.025085990173456564 6.481578850738167e-08
0.02590469690558139 5.994842503189408e-08
0.026132250707424247 5.872905266547518e-08
0.02693457322629675 5.4622772176843366e-08
0.02717851124139192 5.3486264549698215e-08
0.02802576999063595 4.977023564332114e-08
0.028224771775359595 4.89675573880408e-08
0.029186753130761 4.534878508128582e-08
0.029271032309327275 4.5054420062934167e-08
0.03031729284329495 4.164436596572264e-08
0.030424637618591762 4.132012400115334e-08
0.031363553377262626 3.863785439964162e-08
0.031744734269792844 3.7649358067924714e-08
0.032409813911230295 3.600503511138029e-08
0.03317350435216887 3.430469286314919e-08
0.03345607444519798 3.370030054392369e-08
0.034502334979165654 3.164811806765001e-08
0.03471952488378146 3.125715849688235e-08
0.03554859551313333 2.980303199491369e-08
0.03640532357515287 2.848035868435805e-08
0.036594856047101006 2.8193358484758175e-08
0.03764111658106868 2.6722637565090815e-08
0.03826242353585778 2.5950242113997372e-08
0.03868737711503636 2.5425597773272007e-08
0.03973363764900404 2.425342151088167e-08
0.040344646683551304 2.3644894126454072e-08
0.040779898182971716 2.320940111947581e-08
0.04182615871693939 2.2259671722223284e-08
0.042729535728410595 2.154434690031887e-08
0.04287241925090707 2.1429443588326333e-08
0.043918679784874744 2.0650433854748705e-08
0.04496494031884242 1.997486318779368e-08
0.04506674572341624 1.991627464245424e-08
0.049048187650686526 1.7940979935264334e-08
0.04914998245471313 1.7900084445015985e-08
0.04918756044718616 1.788649529057435e-08
0.0501962429886808 1.7503173399716357e-08
0.05124250352264849 1.71612633727917e-08
0.05228876405661616 1.68701098942822e-08
0.053335024590583834 1.6625148236061874e-08
0.05438128512455151 1.6422680452211966e-08
0.05518126337415404 1.6297508346206433e-08
0.055427545658519185 1.625608822334121e-08
0.05647380619248687 1.6118221669520646e-08
0.057520066726454544 1.6019479901283915e-08
0.05856632726042222 1.595868971952488e-08
0.059612587794389896 1.5935283876446925e-08
0.060658848328357565 1.5949293647586285e-08
0.06170510886232525 1.6001359876613966e-08
0.06275136939629293 1.6092763444661014e-08
0.06379762993026061 1.6225477124157386e-08
0.06422921478740001 1.6297508346206433e-08
0.06484389046422828 1.6392937710223888e-08
0.06589015099819596 1.659743067275985e-08
0.06693641153216363 1.6849573343910813e-08
0.06798267206613132 1.7154677519531096e-08
0.069028932600099 1.751936881980096e-08
0.0699232426962811 1.788649529057435e-08
0.07007519313406667 1.7946065356468557e-08
0.07112145366803435 1.8411230273681936e-08
0.07216771420200202 1.895901581246254e-08
0.0732139747359697 1.9603788890630712e-08
0.07325324732256701 1.9630406500402724e-08
0.07426023526993737 2.0298393166894525e-08
0.07530649580390505 2.1115982240776715e-08
0.07579117775119013 2.1544346900318872e-08
0.07635275633787272 2.2036991528748784e-08
0.0773990168718404 2.308831788349696e-08
0.07788786346163117 2.364489412645407e-08
0.07844527740580809 2.4284766984652574e-08
0.07949153793977576 2.5667254014084066e-08
0.07968600817628504 2.5950242113997372e-08
0.08053779847374344 2.722225920730697e-08
0.08126918431644818 2.848035868435805e-08
0.08158405900771111 2.9041664891273917e-08
0.08263031954167879 3.1154038398044526e-08
0.08267749983546974 3.125715849688235e-08
0.08367658007564646 3.357023446512597e-08
0.08396124825882811 3.430469286314919e-08
0.08472284060961414 3.6411991091387e-08
0.08512905394746006 3.7649358067924714e-08
0.08576910114358183 3.9768666550141675e-08
0.08620029802292148 4.132012400115334e-08
0.0868153616775495 4.3761651071375956e-08
0.08718851713975706 4.534878508128582e-08
0.08786162221151718 4.855949471702321e-08
0.0881021621534333 4.977023564332114e-08
0.08890788274548485 5.4402179217337074e-08
0.08894486191921656 5.462277217684337e-08
0.08975204007202794 5.99484250318941e-08
0.08995414327945253 6.149086367472261e-08
0.09050764146312903 6.579332246575683e-08
0.0910004038134202 7.036291996924918e-08
0.09119988638006556 7.220809018385471e-08
0.09185952250586957 7.924828983539185e-08
0.0920466643473879 8.157537971765302e-08
0.09249244565270143 8.697490026177834e-08
0.09305466432389776 9.545484566618347e-08
0.09309292488135557 9.609713346403481e-08
0.09363744570886265 1.0476157527896662e-07
0.09412988133788497 1.1497569953977358e-07
0.09413918541532323 1.1518832258904238e-07
0.0946632952393723 1.261856883066021e-07
0.09510855356133653 1.3848863713938745e-07
0.09518544594929092 1.4090576435790726e-07
0.09558428576466318 1.519911082952933e-07
0.0960023754556966 1.6681005372000593e-07
0.09623170648325859 1.768582263578256e-07
0.09639964898539369 1.8307382802953697e-07
0.0968105744869921 2.009233002565046e-07
0.09715173205761254 2.2051307399030456e-07
0.09727796701722627 2.291196653932725e-07
0.09751487424963191 2.4201282647943835e-07
0.09786970184067317 2.656087782946684e-07
0.0981642859404136 2.9150530628251817e-07
0.09832422755119394 3.088638073462518e-07
0.09846147590362948 3.199267137797384e-07
0.09879077449771831 3.511191734215135e-07
0.09906416397569198 3.853528593710535e-07
0.09929113672324817 4.229242874389499e-07
0.09937048808516162 4.384502528857307e-07
0.09956509834496387 4.6415888336127826e-07
0.09984419630031671 5.094138014816385e-07
0.10007590832608035 5.590810182512222e-07
0.10026827972061679 6.135907273413175e-07
0.10041674861912929 6.684151801394177e-07
0.10043963776115067 6.734150657750828e-07
0.1007096234069376 7.390722033525776e-07
0.1009337702332134 8.111308307896872e-07
0.10111986086622857 8.902150854450391e-07
0.10127435657902256 9.770099572992247e-07
0.10140262163398524 1.0722672220103253e-06
0.10146300915309697 1.1267309633846353e-06
0.10157718657358018 1.1768119524349991e-06
0.10179614813661167 1.2915496650148827e-06
0.10197793387298605 1.4174741629268074e-06
0.10212885558495988 1.5556761439304722e-06
0.1022541534416531 1.7073526474706922e-06
0.1023581779235291 1.873817422860387e-06
0.10244454087589837 2.0565123083486514e-06
0.10250926968706466 2.233995869891522e-06
0.10253303847775297 2.2570197196339214e-06
0.10273599782058324 2.4770763559917136e-06
0.10290449823261744 2.71858824273294e-06
0.1030443902349257 2.98364724028334e-06
0.10316053103288318 3.274549162877732e-06
0.10325695316372435 3.5938136638046257e-06
0.10333700451070542 3.944206059437664e-06
0.10340346454532172 4.328761281083061e-06
0.10345864083363883 4.750810162102793e-06
0.10350444915754402 5.214008287999695e-06
0.10354248003281678 5.72236765935022e-06
0.10355553022103234 5.92826655839888e-06
0.10367157835227575 6.280291441834259e-06
0.10383579995146251 6.892612104349709e-06
0.10397213960817409 7.56463327554629e-06
0.10408533118640913 8.302175681319752e-06
0.10417930482322443 9.111627561154906e-06
0.10425732338744978 9.999999999999999e-06

