0.002744645132581729 0.01
0.002757023325609582 0.009847985116873114
0.0027889802923804397 0.009470179073317118
0.002821307675939471 0.00911761433778716
0.0028540097698292375 0.008788604532730252
0.0028870909173592347 0.008481575947862845
0.002920555512182745 0.008195060012844833
0.0029544079988803804 0.0079276862728559
0.0029886528735503827 0.00767817583347525
0.003023294684405776 0.007445335243510396
0.0030583380323784314 0.0072280507865155625
0.0030595223387327435 0.007220809018385456
0.003093787571730136 0.006950027913120713
0.0031296480106707504 0.006687978770840238
0.00316592411198352 0.006443437191575303
0.00320262069365765 0.006215233491043415
0.0032397426295281955 0.006002276131836096
0.0032772948499233826 0.005803546502408389
0.003315282342319423 0.005618094044885273
0.0033537101520029287 0.005445031708380408
0.0033925833827409915 0.005283531706079732
0.0034100500379265785 0.005214008287999674
0.0034319071974590427 0.0051015738890317726
0.0034716868189265592 0.004906801848410311
0.003511927530450728 0.004725042572278009
0.0035526346765781393 0.0045554266748685105
0.0035938136638046254 0.004397142854277012
0.003635469961293318 0.004249434011864232
0.0036776091016010306 0.004111593630923846
0.0037202366814130658 0.003982962397292011
0.003763358362286533 0.0038629250457347087
0.003801177898828586 0.0037649358067924563
0.0038069798714022844 0.0037455080809960257
0.003851107002325569 0.0036007407770789718
0.0038957456157755013 0.003465645409772508
0.003940901640403447 0.0033395757947838342
0.003986581073580439 0.0032219289195402866
0.004032789982193705 0.003112142058876866
0.004079534503452448 0.0030096900834253254
0.004126820845702951 0.0029140829478304
0.004174655289253135 0.002824863346778904
0.004223044187206672 0.0027416045276300277
0.0042368492133865 0.0027185882427329397
0.004271993966306777 0.0026428626648795565
0.004321511127789762 0.0025424509628501797
0.004371602248248502 0.0024487477895414316
0.004422273980505897 0.002361304946618373
0.004473533054498463 0.002279704179979141
0.004525386278170166 0.0022035551791739073
0.0045778405383766155 0.002132493710483095
0.004630902801799736 0.002066179874725089
0.004684580115873045 0.0020042964814601842
0.004722594375879396 0.0019630406500402682
0.004738879609717651 0.0019401995553874325
0.004793808495089107 0.0018655670190453294
0.004849374067335233 0.0017959206994780897
0.004905583706365045 0.0017309274664051794
0.004962444877628913 0.0016702764460561508
0.005019965133110079 0.0016136775342081204
0.0050781521123276704 0.0015608600085675562
0.005137013543351339 0.0015115712338591503
0.005196557243827657 0.001465575453428002
0.005256791122018419 0.0014226526615751358
0.005264206431080421 0.001417474162926802
0.0053177231778509665 0.0013691740187110224
0.0053793615039806975 0.0013174083243226347
0.005441714286865887 0.0012691011077781032
0.005504789807854967 0.0012240213073837019
0.005568596444286409 0.0011819532987301983
0.005633142670601352 0.0011426958633243515
0.005698437059469137 0.0011060612261263722
0.005764488282925874 0.0010718741573897351
0.005831305113526219 0.0010399711345072656
0.005867470188093206 0.0010235310218990267
0.005898896425508494 0.0010050684618027972
0.00596727119597331 0.0009665928160757125
0.006036438506075863 0.0009306877370075748
0.006106407542232035 0.0008971814844536583
0.006177187597338488 0.000865913792267493
0.006248788072006887 0.0008367351017204233
0.0063212184758124484 0.000809505846136578
0.006394488428556943 0.0007840957833215455
0.006468607661546328 0.0007603833725916405
0.006540627317542675 0.0007390722033525775
0.006543586018883236 0.0007379407374371723
0.006619433458774394 0.0007093431240330422
0.006696160054853221 0.0006826561236937458
0.006773775997517752 0.0006577520879248497
0.006852291595284064 0.0006345118964569522
0.006931717276155407 0.0006128243874730249
0.007012063589007184 0.0005925858259023908
0.007093341204987997 0.0005736994072381067
0.0071755609189369275 0.00055607479450442
0.007258733650817253 0.0005396276861595309
0.007290022614824123 0.0005336699231206301
0.007342870447166765 0.0005206651334497711
0.007427982482564918 0.0005008296113854168
0.007514081061116971 0.00048231930506441474
0.007601177617955332 0.0004650456765209915
0.007689283720758314 0.000448926103031056
0.0077784110712864896 0.00043388348191355575
0.007868571506936851 0.00041984586173513915
0.007959777002314986 0.00040674609815412403
0.008052039670825477 0.0003945215327576055
0.008126012741769103 0.00038535285937105196
0.008145371766280746 0.0003822518688728665
0.008239785684528518 0.00036750881303212676
0.008335293965098195 0.00035375074410451315
0.008431909292866259 0.0003409118548900521
0.008529644499741026 0.00032893073478280097
0.008628512566366896 0.00031775007603339843
0.00872852662384838 0.00030731639963628015
0.008829699955494092 0.0002975797995304324
0.008932045998580967 0.00028849370389015224
0.009035578346138929 0.0002800146523640252
0.009057629235119751 0.0002782559402207126
0.009140310748756231 0.00026973355442097015
0.009246257116405742 0.0002595076587640634
0.009353431520292386 0.0002499649575184981
0.009461848194722 0.00024105980631019538
0.009571521538991865 0.0002327496102761068
0.009682466119303124 0.0002249946203256887
0.009794696670695395 0.00021775774301419114
0.009908228099003796 0.00021100436311835823
0.010023075482838654 0.00020470217806588343
0.010095862408983263 0.0002009233002565046
0.010139254075588152 0.0001980119134237023
0.010256779307444218 0.00019041135968266872
0.01037566678745186 0.00018331860066102035
0.010495932305582278 0.00017669971047811218
0.010617591834830001 0.00017052302984910903
0.010740661533334334 0.00016475901465320457
0.010865157746525383 0.00015938009461902912
0.010991097009294971 0.0001543605414513195
0.01111849604819271 0.00014967634576807512
0.01124737178364752 0.00014530510225957234
0.011254023695528827 0.0001450828778495937
0.011377741332214914 0.0001397414052807379
0.011509622008850324 0.0001344696033654405
0.011643031329208768 0.0001295500117296494
0.011777987011971193 0.0001249590991246172
0.01191450698119776 0.00012067490642967932
0.012052609368708425 0.0001166769416180179
0.012192312516491107 0.00011294608173978797
0.012333634979137758 0.00010946448145377296
0.012476595526308696 0.00010621548767006138
0.012543453337538438 0.00010476157527896618
0.012621213145225473 0.00010257620328050628
0.012767507043192655 9.86578556444167e-05
0.01291549665014884 9.500129369918598e-05
0.013065201621247212 9.158902748344885e-05
0.01321664183946605 8.840473554413419e-05
0.013369837418249465 8.543318686815994e-05
0.013524808704178753 8.266016802988915e-05
0.013681576279674718 8.007241520588107e-05
0.013840160965731315 7.765755073175253e-05
0.013982240737617124 7.56463327554629e-05
0.014000583824680975 7.531076252066409e-05
0.014162866162991988 7.23983905234108e-05
0.014327029534098307 6.968059475562767e-05
0.014493095741262165 6.714437553537987e-05
0.014661086840469845 6.477760169243365e-05
0.014831025143361043 6.256895254279265e-05
0.015002933220192183 6.0507863739927436e-05
0.015176833902834055 5.8584476743697884e-05
0.015352750287804228 5.678959166526733e-05
0.015530705739334601 5.5114623262459466e-05
0.0155847029023574 5.4622772176843374e-05
0.015710723892474503 5.3139264859255e-05
0.015892828656229784 5.111922144360546e-05
0.016077044216738237 4.9234137582188084e-05
0.016263395040481923 4.74749965967076e-05
0.016451905877536623 4.583338421518951e-05
0.016642601764859034 4.4301448325076805e-05
0.016835508029612024 4.2871861415231596e-05
0.017030650292528444 4.153778552719527e-05
0.01722805447131394 4.029283954806249e-05
0.017371541698088896 3.944206059437648e-05
0.01742774678408919 3.90113721423507e-05
0.017629753752872058 3.7509943859640954e-05
0.017834102207100078 3.610882633633219e-05
0.018040819287193827 3.480131778799638e-05
0.018249932448161522 3.35811641779398e-05
0.018461469463245474 3.244252930307483e-05
0.018675458427610758 3.137996687836212e-05
0.01889192776207666 3.038839448629726e-05
0.019110906216891377 2.9463069266838253e-05
0.019332422875550453 2.859956523149439e-05
0.019363666457384594 2.848035868435793e-05
0.01955650715865949 2.7529486573568594e-05
0.019783188827841643 2.648808445176066e-05
0.02001249798969037 2.551625863736461e-05
0.020244465099768037 2.460936072166982e-05
0.020479120966650853 2.3763052857200834e-05
0.020716496756020688 2.297328700905083e-05
0.02095662399480433 2.2236285592438247e-05
0.02119953457536071 2.15485234038727e-05
0.021445260759716672 2.09067107595037e-05
0.02158279856877756 2.0565123083486515e-05
0.021693835183851845 2.0208729052248402e-05
0.02194529086203313 1.943469091901446e-05
0.022199661191199548 1.8712366444574693e-05
0.022456979955397742 1.8038300627828996e-05
0.02271728133026905 1.7409269297078427e-05
0.022980599887588514 1.6822263688260652e-05
0.02324697059985648 1.627447605351711e-05
0.023516428844943486 1.5763286231254943e-05
0.023789010410788933 1.528624911346622e-05
0.024059051287835875 1.4849682622544636e-05
0.024064751500154243 1.4837773053735418e-05
0.024343688735431104 1.426245730594908e-05
0.024625859163505466 1.3725578529478248e-05
0.024911300260677883 1.3224568741724114e-05
0.025200049937640922 1.2757031527581283e-05
0.02549214654451423 1.232073057697487e-05
0.02578762887593801 1.191357898820727e-05
0.02608653617622548 1.1533629285950795e-05
0.0263889081445751 1.1179064106140456e-05
0.026694784940343205 1.084818750321117e-05
0.026815438443760074 1.0722672220103209e-05
0.027004207188377725 1.0468884339083013e-05
0.02731721598441376 1.0069840922824031e-05
0.027633852900531698 9.697457683805703e-06
0.027954159990678563 9.349953449701748e-06
0.02827817979625341 9.02566604870663e-06
0.02860595535175742 8.723044359084003e-06
0.028937530190509504 8.440640889886632e-06
0.02927294835042816 8.177104857360057e-06
0.029612254379880344 7.931175723913318e-06
0.029890676350048235 7.742636826811277e-06
0.029955493343598132 7.685912354588763e-06
0.030302710828663964 7.389317185170077e-06
0.03065395295056527 7.112537602607426e-06
0.03100926635931927 6.8542497232041e-06
0.031368698245668764 6.613218112227129e-06
0.03173229634734976 6.388289874612186e-06
0.032100108955431715 6.1783891404698475e-06
0.03247218492073129 5.982511919016398e-06
0.03284857366030043 5.7997212963146955e-06
0.033229325163989715 5.629142953855033e-06
0.033317295649082666 5.590810182512223e-06
0.03361449000108765 5.4234477780173006e-06
0.034004119327037056 5.217727080948807e-06
0.03439826489022925 5.025750627007513e-06
0.03479697903887691 4.8466001603343545e-06
0.03520031472796679 4.679418773946572e-06
0.035608325526292776 4.523406811005626e-06
0.0360210656235707 4.377818039922287e-06
0.03643858983763544 4.2419560850038464e-06
0.03686095362172158 4.115171095570541e-06
0.03713648832178393 4.037017258596549e-06
0.037288213071828336 3.981399361924349e-06
0.03772042493416997 3.8284942729899725e-06
0.03815764661271248 3.685804804649362e-06
0.03859993617679767 3.5526484491069468e-06
0.0390473523688556 3.42838829706213e-06
0.03949995461220643 3.312429991263733e-06
0.039957803018952694 3.2042188835981422e-06
0.04042095839796307 3.103237382113024e-06
0.04088948226294862 3.0090024752870126e-06
0.041363436840632754 2.9210634217034495e-06
0.04139636675858886 2.91505306282517e-06
0.041842885079015825 2.809727650459376e-06
0.0423278906557355 2.703671491713316e-06
0.042818517986524134 2.604700966254598e-06
0.043314832233764006 2.512342681435605e-06
0.04381689931514192 2.426154872073742e-06
0.044324785912403984 2.345725287413543e-06
0.044838559480211884 2.270669219261313e-06
0.04535828825510189 2.200627661860518e-06
0.04588404126454759 2.1352655947063247e-06
0.046139588981820634 2.104904144512022e-06
0.046415888336127795 2.06247986165348e-06
0.0469539001068006 1.983651973721958e-06
0.047498148032285026 1.910090592333028e-06
0.04804870439655132 1.8414438611012488e-06
0.04860564232142136 1.7773834312412708e-06
0.049169035776280276 1.7176028910199483e-06
0.04973895958790065 1.661816300137105e-06
0.050315489450380536 1.609756822024638e-06
0.05089870193519682 1.56117544752203e-06
0.051432262742584986 1.519911082952933e-06
0.05148867450137495 1.5142728239722683e-06
0.05208548550577663 1.4556827674886626e-06
0.052689214213506745 1.401007123632603e-06
0.0532999408084409 1.349984369711745e-06
0.053917746403875026 1.3023704554196295e-06
0.05454271305329833 1.2579376355018083e-06
0.05517492376129126 1.2164733804118104e-06
0.05581446249454963 1.1777793597464172e-06
0.0564614141930367 1.141670493597852e-06
0.05711586478126432 1.107974067285337e-06
0.057326358724066065 1.0974987654930544e-06
0.057777901179705035 1.068457891806978e-06
0.05844761131633634 1.0278193634594478e-06
0.05912508413831878 9.898959023516733e-07
0.05981040962380941 9.545061143167756e-07
0.06050367879391222 9.214807241692915e-07
0.061204983724767 8.906617660334542e-07
0.061914417559778445 8.619018277658114e-07
0.0626320745219869 8.350633458581376e-07
0.0633580499265825 8.100179474480343e-07
0.06389935157964236 7.924828983539154e-07
0.06409244019356454 7.843992306525365e-07
0.06483534286054723 7.541940050540693e-07
0.06558685659571431 7.260067955366602e-07
0.06634708121092346 6.99702778072402e-07
0.06711611767496282 6.751561362535527e-07
0.06789406812696108 6.522494594915474e-07
0.06868103588995304 6.308731814224716e-07
0.06947712548460236 6.109250558327829e-07
0.07028244264308349 5.923096675985422e-07
0.07109709432312435 5.749379762989104e-07
0.07122667944280499 5.72236765935022e-07
0.07192118872221188 5.53527123317819e-07
0.07275483529196228 5.325765333437299e-07
0.07359814475265766 5.130256553763365e-07
0.07445122910795138 4.947809744131085e-07
0.07531420165974372 4.777552232067555e-07
0.07618717702322995 4.61866964851427e-07
0.07707027114212299 4.4704020325641837e-07
0.07796360130405233 4.332040196442068e-07
0.07886728615614151 4.2029223333413487e-07
0.07938987866256611 4.1320124001153343e-07
0.07978144572076624 4.063347589708308e-07
0.08070620141149502 3.9076289860350416e-07
0.08164167604921467 3.762313962339545e-07
0.08258799387844268 3.626707453765522e-07
0.08354528058382867 3.50016083286703e-07
0.08451366330684718 3.382068807115899e-07
0.08549327066268379 3.2718665236873444e-07
0.08648423275731722 3.169026867675419e-07
0.08748668120479909 3.0730579408152873e-07
0.0884989713695073 2.983647240283334e-07
0.08850074914473434 2.9834443106249e-07
0.08952657125996397 2.8677039503217446e-07
0.0905642837944529 2.7596962157486385e-07
0.09161402457138518 2.6589044890530473e-07
0.09267593301146879 2.56484666771039e-07
0.09375015015145285 2.477072858548399e-07
0.09483681866285923 2.395163225834167e-07
0.09593608287093142 2.318725983130941e-07
0.09704808877380301 2.2473955193193667e-07
0.09817298406188835 2.1808306498196347e-07
0.09863741109380643 2.1544346900318777e-07
0.09931091813749796 2.1049641870853206e-07
0.10046204213468131 2.0246856767582337e-07
0.1016265089392995 1.9497705796590135e-07
0.10280447320933098 1.8798605654827116e-07
0.10399609139541202 1.81462124402877e-07
0.1052015217616159 1.7537405657583098e-07
0.10642092440647245 1.6969273292105022e-07
0.10765446128423159 1.6439097881387426e-07
0.10890229622637304 1.594434351704337e-07
0.10994991497899433 1.5556761439304723e-07
0.11016459496336568 1.5454116813181578e-07
0.11144152514667881 1.4857433509053037e-07
0.11273325637104872 1.4300614639499087e-07
0.1140399601970033 1.3780996857642766e-07
0.11536181017364784 1.3296094755190453e-07
0.11669898186171476 1.2843588974324803e-07
0.11805165285688055 1.242131511384443e-07
0.11942000281335324 1.2027253376486367e-07
0.1208042134677329 1.1659518907912997e-07
0.12220446866314887 1.1316352781152994e-07
0.12255358514895194 1.1233240329780265e-07
0.12362095437367691 1.0904846730388408e-07
0.12505385872903912 1.04909817218119e-07
0.1265033720395904 1.0104767030063517e-07
0.12796968682159415 9.74435533561696e-08
0.1294529978227916 9.408022738584628e-08
0.13095350204826675 9.094160513032472e-08
0.13247139878661174 8.801267412190444e-08
0.13400688963639507 8.527942487753279e-08
0.1355601785329369 8.272878388925005e-08
0.13660279589093172 8.111308307896855e-08
0.13713147177539456 8.005429314910513e-08
0.13872097805416211 7.697817026687357e-08
0.1403289084785873 7.410756295222662e-08
0.14195547660501015 7.14287407039129e-08
0.14360089846512605 6.892889035676993e-08
0.1452653925946781 6.659605479437258e-08
0.1469491800624817 6.441907575630084e-08
0.14865248449978571 6.238754046646267e-08
0.15037553212997384 6.049173182718837e-08
0.15211855179861047 5.872258194086457e-08
0.15227135735785002 5.857020818056673e-08
0.15388177500383463 5.649484593243771e-08
0.1556654359271062 5.4361216255985244e-08
0.15746977146430866 5.237013407529843e-08
0.1592950212572123 5.051207579522724e-08
0.161141427725302 4.8778154092585033e-08
0.1630092360979741 4.716007540674571e-08
0.16489869444710648 4.565010027030029e-08
0.1668100537200059 4.424100629002849e-08
0.16874356777273758 4.2926053601116946e-08
0.16971972825947051 4.229242874389499e-08
0.17069949340384077 4.147053176116405e-08
0.1726780903884356 3.988467258784651e-08
0.17467962151272456 3.8404764305339095e-08
0.17670435260889467 3.70237283429882e-08
0.17875255259042355 3.5734959049595465e-08
0.1808244934877952 3.453229209762715e-08
0.1829204504846294 3.3409974998342245e-08
0.18504070195423022 3.236263958680902e-08
0.18718552949655792 3.138527634520112e-08
0.1891894926307632 3.053855508833412e-08
0.18935521797562951 3.044806017756945e-08
0.19155005555735283 2.9269340355462314e-08
0.1937703337477989 2.8169370412830714e-08
0.19601634743191856 2.7142889082021067e-08
0.19828839491270714 2.6184986600531763e-08
0.2005867779508234 2.5291081226934242e-08
0.2029118018046678 2.4456897325767683e-08
0.2052637752709252 2.3678444916584723e-08
0.2076430107255775 2.2952000589327216e-08
0.21004982416539153 2.2274089694748e-08
0.21086922348498843 2.205130739903041e-08
0.2124845352498883 2.1483728789355855e-08
0.21494746734379805 2.0666154303664558e-08
0.21743894756000798 1.9903201578717474e-08
0.21995930680300746 1.9191221348214574e-08
0.2225088798128369 1.8526808152999028e-08
0.2250880052095462 1.790678405229915e-08
0.22769702553816798 1.7328183423223404e-08
0.23033628731421313 1.6788238775802536e-08
0.23300614106969247 1.62843675157298e-08
0.23504896814831733 1.5922827933410936e-08
0.23570694139967274 1.5772334627673418e-08
0.23843904700937202 1.516465531691909e-08
0.24120282076180072 1.4597574671629096e-08
0.24399862972595504 1.4068380309481119e-08
0.24682684522556925 1.3574541061963536e-08
0.24968784288843268 1.3113694867487624e-08
0.25258200269627845 1.2683637473361576e-08
0.2555097090352507 1.228231189258602e-08
0.2584713507469564 1.1907798565041582e-08
0.2614673211801092 1.1558306176007736e-08
0.26200064378748195 1.1497569953977357e-08
0.26449801824277197 1.1130011602544995e-08
0.2675638444552045 1.0708516252506955e-08
0.2706652070033241 1.0315180641840757e-08
0.27380251779278575 9.948123432705845e-09
0.27697619350368907 9.605588978936423e-09
0.28018665564591955 9.285938928594098e-09
0.28343433061513096 8.987644387554058e-09
0.28671964974937697 8.709278606641994e-09
0.29004304938639913 8.449510157343307e-09
0.2920305548705659 8.302175681319736e-09
0.2934049709215787 8.170501906768391e-09
0.2968058608665602 7.857215397278223e-09
0.300246170908555 7.56485920918866e-09
0.30372635797033115 7.292035001950857e-09
0.30724688427090036 7.037437857611288e-09
0.3108082173869064 6.7998500392653255e-09
0.3144108303147265 6.578135166508351e-09
0.318055201533292 6.371232780024527e-09
0.3217418150676372 6.178153269315148e-09
0.3254711605531848 5.997973139305023e-09
0.3255367908334833 5.994842503189421e-09
0.3292437333007769 5.766319757908815e-09
0.33306003436245885 5.549018369084805e-09
0.3369205705980267 5.346234567226217e-09
0.34082585474234517 5.156998445630775e-09
0.3447764054734464 4.9804048965367385e-09
0.34877274748141773 4.8156092819245645e-09
0.35281541153808826 4.661823393551792e-09
0.356904934567523 4.5183116828974705e-09
0.36104185971733377 4.384387742983473e-09
0.36283335734884326 4.328761281083061e-09
0.3652267364308176 4.232719056919998e-09
0.3694601205199302 4.071203568555021e-09
0.3737425742391064 3.920478629862047e-09
0.3780746663599349 3.77982333693437e-09
0.3824569722466999 3.6485649489360344e-09
0.3868900739327975 3.5260756703468623e-09
0.39137456019803835 3.4117696481850818e-09
0.39591102664684585 3.305100169844847e-09
0.4005000757873611 3.2055570481456134e-09
0.4044503376898777 3.1257158496882358e-09
0.4051423171114647 3.107640771716711e-09
0.4098383671757262 2.987589256385691e-09
0.4145888496832912 2.875558101988955e-09
0.41939439556671865 2.7710114802658545e-09
0.4242556430717777 2.673449361138687e-09
0.4291732378422157 2.582405121056108e-09
0.43414783300550924 2.4974433111223634e-09
0.4391800892596086 2.4181575743371553e-09
0.4442706749606883 2.3441687019839797e-09
0.4494202662119142 2.27512281987053e-09
0.45081221324525256 2.257019719633917e-09
0.4546295469532399 2.192857900964823e-09
0.4598992090522438 2.1095867109984186e-09
0.46522995239601883 2.0318786190413964e-09
0.4706224849841281 1.959361965372711e-09
0.47607752302263684 1.891689920395819e-09
0.4815957910192351 1.8285388257570028e-09
0.48717802187946313 1.7696066462928617e-09
0.4928249570040514 1.7146115254024563e-09
0.4985373463873894 1.6632904369343912e-09
0.5024991630425064 1.6297508346206403e-09
0.5043159487171359 1.6098736886617054e-09
0.5101615314749833 1.5479789808152012e-09
0.5160748710385907 1.4902192263069305e-09
0.5220567527846975 1.4363181790520754e-09
0.528107971193433 1.3860180485301413e-09
0.5342293299538352 1.339078266787005e-09
0.5404216420705914 1.2952743378128175e-09
0.546685729972018 1.2543967637922643e-09
0.55302242561929 1.216250043091369e-09
0.5594325706169377 1.1806517351881404e-09
0.5601374547286186 1.1768119524349943e-09
0.5659170163246242 1.1361234862456646e-09
0.5724766239702178 1.0931908120268714e-09
0.5791122647641758 1.053126264512225e-09
0.5858248200152536 1.0157382331896393e-09
0.5926151812475552 9.808479086526657e-10
0.5994842503189408 9.482884273753585e-10
0.6064329395408061 9.179040736240521e-10
0.6134621717992506 8.895495346887394e-10
0.62057288067765 8.630892058718077e-10
0.6243338518962147 8.497534359086438e-10
0.62776601058065 8.340254281883719e-10
0.6350425168595961 8.021133666386095e-10
0.642403365939419 7.723331604999656e-10
0.6498495354469889 7.445423888865089e-10
0.6573820143409586 7.186081456850515e-10
0.6650018030431118 6.94406403888989e-10
0.6727099135712337 6.718214224003363e-10
0.6805073696735207 6.507451924626785e-10
0.6883952069645496 6.310769210773239e-10
0.6959713948311014 6.135907273413163e-10
0.6963744730628222 6.12388398894093e-10
0.7044462277299036 5.886677211237552e-10
0.7126115430111746 5.665316473312352e-10
0.7208715033782136 5.458743178674095e-10
0.7292272058728313 5.265969452253956e-10
0.7376797602527732 5.08607341565561e-10
0.7462302891391108 4.918194778059564e-10
0.7548799281653431 4.761530721693015e-10
0.7636298261282242 4.615332062185764e-10
0.7724811451403399 4.4788996654470767e-10
0.7757319480239028 4.4306214575838866e-10
0.7814350607844541 4.321159549012527e-10
0.7904927622696419 4.156616258415719e-10
0.7996554525892345 4.003064571085827e-10
0.8089243486805937 3.859770206286215e-10
0.818300681586739 3.726047937555158e-10
0.8277856966198474 3.6012583155221865e-10
0.837380653526649 3.4848046096673534e-10
0.8470868266557402 3.376129954396075e-10
0.8569055051268347 3.274714685779454e-10
0.864710381861944 3.199267137797384e-10
0.8668379930019773 3.1726866237212643e-10
0.8768856094587426 3.050374925921614e-10
0.8870496889654402 2.9362334631083335e-10
0.897331581458352 2.8297164447619294e-10
0.9077326525210223 2.730314541835604e-10
0.9182542835656281 2.6375524508873274e-10
0.9288978720164498 2.550986620946876e-10
0.9396648314954691 2.4702031322457634e-10
0.9505565920101191 2.394815716664299e-10
0.9615746001432096 2.3244639104278744e-10
0.9638791688138686 2.310129700083158e-10
0.9727203192450538 2.239059589053543e-10
0.9839952296278227 2.154211387675736e-10
0.9954008287621519 2.0750306583671853e-10
1.0069386314760274 2.0011388125771474e-10
1.0186101701559753 1.932182552795016e-10
1.0304169949505875 1.867832182964902e-10
1.042360673976401 1.8077800317766388e-10
1.0544427935261684 1.7517389812921483e-10
1.0666649582795387 1.699441093869884e-10
1.0744062999316941 1.6681005372000558e-10
1.0790287915161836 1.6439145957974833e-10
1.0915359353313911 1.580839981802678e-10
1.1041880508541602 1.5219782486050776e-10
1.1169868184678227 1.467047984403235e-10
1.1299339380332216 1.4157865762524784e-10
1.1430311291144786 1.3679489542139464e-10
1.1562801312073754 1.3233064194025966e-10
1.1696827039703845 1.2816455503290775e-10
1.183240627458378 1.242767182304832e-10
1.1969557023590427 1.2064854550292703e-10
1.197716565218826 1.2045035402587787e-10
1.2108297502320393 1.1603580485642957e-10
1.2248646137509307 1.1165995256610415e-10
1.2390621569479157 1.0757635163227558e-10
1.2534242654613994 1.0376548119331158e-10
1.2679528467864338 1.0020912437729577e-10
1.2826498305280598 9.68902811913439e-11
1.2975171686575868 9.379308723039213e-11
1.3125568357718427 9.090273781667563e-11
1.3277708293554291 8.82054172070888e-11
1.3350289070280454 8.697490026177835e-11
1.343161170046015 8.519301165533064e-11
1.358729901902709 8.193980223060164e-11
1.3744790926775368 7.890384868547332e-11
1.3904108340900696 7.607064023784704e-11
1.4065272421052364 7.342663538815067e-11
1.422830457214352 7.095919716973604e-11
1.4393226447194065 6.865653272483507e-11
1.4560059950206488 6.650763691709868e-11
1.472882723907502 6.450223971105102e-11
1.4882832466817824 6.280291441834247e-11
1.4899550728528537 6.256449604846269e-11
1.5072253093107555 6.014577544920648e-11
1.524695727017573 5.788856615749655e-11
1.5423686462966273 5.578208134638277e-11
1.560246414366368 5.381625468903157e-11
1.5783314056521165 5.198169222961789e-11
1.596626022101425 5.026962746938777e-11
1.6151326935030912 4.8671879453101607e-11
1.633853877809862 4.7180813655417505e-11
1.6527920614648954 4.5789305480161625e-11
1.6589976095965717 4.534878508128591e-11
1.6719497597319901 4.416044333015244e-11
1.6913295170296487 4.248210640739561e-11
1.710933907269015 4.091582619459178e-11
1.7307655341957258 3.9454119459735956e-11
1.750827031735725 3.809000277854791e-11
1.7711210643450885 3.681695914890244e-11
1.7916503273639013 3.562890683545519e-11
1.8124175473742377 3.452017029547817e-11
1.8334254825622907 3.348545304687159e-11
1.8494425984179936 3.2745491628777315e-11
1.8546769230846996 3.243295146936383e-11
1.8761746914391213 3.118492403395284e-11
1.8979216428391015 3.0020210472243385e-11
1.9199206655932848 2.893324758627187e-11
1.9421746814890266 2.7918843720572538e-11
1.9646866461804464 2.6972153945465085e-11
1.987459549580984 2.6088656898076366e-11
2.0104964162604992 2.5264133170355323e-11
2.0338003058469822 2.449464514073782e-11
2.0573743134329137 2.377651815302225e-11
2.0618034156419154 2.3644894126454073e-11
2.0812215699863392 2.2899034247563025e-11
2.105345242766706 2.2032838152643927e-11
2.129748535745521 2.1224454158886346e-11
2.1544346900318843 2.047002246583844e-11
2.1794069843029558 1.9765941028374133e-11
2.2046687352394096 1.9108848341352442e-11
2.2302232979659387 1.8495607374196435e-11
2.2560740664968617 1.7923290578576546e-11
2.2822244741868984 1.7389165897514178e-11
2.298547063212561 1.7073526474706887e-11
2.308677994187169 1.6820310020385774e-11
2.335438139906479 1.6176034474456098e-11
2.362508465477948 1.5574749444093557e-11
2.38989256623105 1.5013585137720916e-11
2.4175940791691306 1.4489863386497907e-11
2.4456166834524464 1.4001084846857262e-11
2.473964100886814 1.3544917057821703e-11
2.5026400964179194 1.3119183296003851e-11
2.5316484786313556 1.2721852175004976e-11
2.560993100258459 1.2351027939488386e-11
2.5628070718138494 1.2328467394420633e-11
2.5906778586880086 1.1880420664376527e-11
2.6207066964838526 1.1433102519281057e-11
2.651083601908539 1.1015622877981234e-11
2.6818126094530155 1.06259903330102e-11
2.712897800372467 1.0262346428335356e-11
2.7443433032283653 9.9229567811183e-12
2.7761532944368006 9.606202796439456e-12
2.8083319988231725 9.310573935379849e-12
2.840883690183304 9.034660499498622e-12
2.8572606347279343 8.902150854450357e-12
2.8738126918510667 8.729034577702609e-12
2.907123377272579 8.396188858191006e-12
2.940820170587064 8.085537680900555e-12
2.9749075472144404 7.7956001539239e-12
3.009390034449721 7.524994237214687e-12
3.044272212064303 7.272430142183121e-12
3.079558712914227 7.036704172089931e-12
3.1152542235554876 6.816692973796776e-12
3.1513634848664793 6.611348173397928e-12
3.1861851946115745 6.4280731172843184e-12
3.1878912926776457 6.41646534983088e-12
3.224842498408442 6.168734236512725e-12
3.2622220097116696 5.937514762697748e-12
3.3000347911252854 5.721705548669104e-12
3.338285864731761 5.520278718669441e-12
3.376980310825091 5.332274993662114e-12
3.4161232685855283 5.156799111785016e-12
3.455719936762139 4.9930155546110815e-12
3.495775574363275 4.840144558791398e-12
3.536295501355043 4.697458394021018e-12
3.5528076955058907 4.6415888336127725e-12
3.5772850993678733 4.534521960807854e-12
3.61874981241128 4.362368540536009e-12
3.6606951475969023 4.2016823223345075e-12
3.7031266758699264 4.051698724073311e-12
3.746050032748993 3.9117041760910544e-12
3.7894709190746676 3.78103271616563e-12
3.8333951017666017 3.659062811834808e-12
3.8778284145894575 3.5452143948839793e-12
3.9227767589277196 3.438946093832095e-12
3.9624765778444644 3.3516026509388475e-12
3.9682461045694817 3.3351917477902187e-12
4.0142424904993215 3.206964927523034e-12
4.060772025700365 3.0872734460580534e-12
4.1078408899656464 2.975548469108896e-12
4.155455334718876 2.8712591028006206e-12
4.203621683844713 2.77390986172122e-12
4.252346334528681 2.6830383060044016e-12
4.301635758106794 2.5982128361565316e-12
4.35149650092505 2.5190306350942562e-12
4.401935185208875 2.445115747563002e-12
4.419611666631587 2.4201282647943833e-12
4.452958509942656 2.3591780625116926e-12
4.504573251759458 2.26997819449458e-12
4.556786265841064 2.1867101898357963e-12
4.6096044868284345 2.1089789755949153e-12
4.663034929742731 2.0364158182167817e-12
4.717084690917017 1.9686765662890382e-12
4.771760948938746 1.9054400105889636e-12
4.827070965603183 1.846406353588598e-12
4.8830220868778795 1.7912957811100086e-12
4.930666690386933 1.7475284000076831e-12
4.9396217438783205 1.7368907129044157e-12
4.996877453854884 1.6703739437252273e-12
5.05479682119124 1.6082758633962142e-12
5.113387538414326 1.550302390506501e-12
5.172657387216018 1.496179040469603e-12
5.2326142394866615 1.445649618540479e-12
5.293266058360561 1.3984750000495725e-12
5.354620899273607 1.3544319920314443e-12
5.4166869110331515 1.3133122708144607e-12
5.479472336900287 1.274921390500768e-12
5.501625433782348 1.2618568830660183e-12
5.542985515684668 1.2303105211505875e-12
5.607234882852032 1.1839644814092344e-12
5.672228971644544 1.1406926412710087e-12
5.737976414214133 1.1002906035093956e-12
5.804485942768978 1.0625675822924948e-12
5.871766390733256 1.0273454957996745e-12
5.939826693920357 9.944581193708404e-13
6.008675891719687 9.63750295148187e-13
6.07832312829723 9.350771944400052e-13
6.14078293078258 9.111627561154867e-13
6.148777653810023 9.072031903378333e-13
6.220048825634711 8.725807272997281e-13
6.292146109610344 8.402510193215085e-13
6.365079081295571 8.100617949927148e-13
6.438857427240419 7.818709155100449e-13
6.513490946272803 7.555456995430585e-13
6.588989550799949 7.309622931235416e-13
6.6653632681249135 7.080050815541966e-13
6.742622241778341 6.86566140532872e-13
6.820776732865685 6.665447238757023e-13
6.855857411912364 6.579332246575683e-13
6.899837121430018 6.43964652390004e-13
6.97981390783066 6.197814165720321e-13
7.060717714137773 5.971959665194619e-13
7.142559285543126 5.761023492542153e-13
7.225349491787215 5.564016549574014e-13
7.309099328602911 5.380015480115936e-13
7.393819919175867 5.208158293024547e-13
7.479522515621821 5.047640276944859e-13
7.566218500481055 4.897710187348685e-13
7.653919388230148 4.757666687692231e-13
7.6582801796477975 4.750810162102793e-13
7.74263682681127 4.579146385864036e-13
7.832382599179196 4.409925618256801e-13
7.923168624866254 4.2518530522695645e-13
8.015006961565405 4.1044578843330755e-13
8.107909806731687 3.9672045214334534e-13
8.201889499202203 3.838946787574408e-13
8.296958520834906 3.7190917495085667e-13
8.393129498166363 3.6070857076591596e-13
8.490415204088746 3.502411593116189e-13
8.561487851880644 3.430469286314913e-13
8.588828559546249 3.3946246204436384e-13
8.688382635251184 3.2680087078049493e-13
8.789090653419954 3.1496702631767304e-13
8.890965989529159 3.039064632911701e-13
8.994022174092045 2.9356831591682746e-13
9.098272894455558 2.8390507937404367e-13
9.20373199661822 2.7487238704035444e-13
9.310413487069075 2.6642880252299045e-13
9.418331534647951 2.585356255030299e-13
9.52750047242729 2.5115671047332625e-13
9.580881857473404 2.477076355991714e-13
9.637934799615785 2.4293069429271556e-13
9.749649183484086 2.339989482776237e-13
9.86265846131282 2.2564818634611171e-13
9.9769776423632 2.1784031048250627e-13
10.092621909870484 2.1053973459405057e-13
10.209606623060475 2.0371321827072895e-13
10.327947319189525 1.9732971157568243e-13
10.44765971560805 1.9136021013296454e-13
10.56875971184805 1.8578859841089454e-13
10.691263391734772 1.8060340014728377e-13
10.733827116604472 1.788649529057435e-13
10.815187025522892 1.7455389364332253e-13
10.940547072057434 1.6826749930022935e-13
11.067360180959742 1.6238521110651873e-13
11.195643194838794 1.5688076028331113e-13
11.325413151528128 1.5172959862633696e-13
11.456687286348727 1.4690878521607858e-13
11.58948303439812 1.4239688061525305e-13
11.723818032865996 1.3817384805747244e-13
11.859710123376706 1.342209611638583e-13
11.997177354358856 1.3052071775514567e-13
12.049881184018535 1.2915496650148828e-13
12.136237983442419 1.2624918802066718e-13
12.276910479883604 1.21758052282179e-13
12.419213527017844 1.175531772721946e-13
12.563166024741214 1.1361606238900098e-13
12.708787092020595 1.099294139070902e-13
12.856096069432962 1.0647706573970607e-13
13.005112521734098 1.032439054273957e-13
13.155856240457052 1.002158050067739e-13
13.30834724654076 9.750247305845653e-14
13.462605792989109 9.496357727584292e-14
13.572179096800792 9.32603346883218e-14
13.618652367560827 9.231833091453019e-14
13.77650769549055 8.921931230130034e-14
13.936192742241435 8.63094383529839e-14
14.097728716289676 8.357687606397113e-14
14.261137071941297 8.101054550898574e-14
14.426439512181588 7.860007135584793e-14
14.593657991557576 7.633573752712063e-14
14.76281471909391 7.420844480488134e-14
14.933932161242533 7.220967118637208e-14
15.107033044866554 7.03314348108982e-14
15.282140360258708 6.856625929013717e-14
15.410890519500336 6.734150657750828e-14
15.459277364194786 6.673996000374626e-14
15.638467583022479 6.458006199459856e-14
15.819734815786013 6.257349931075297e-14
16.00310313738702 6.084294410772533e-14
16.18859690178199 5.921220180485635e-14
16.37624074521689 5.76753571335316e-14
16.56605958949915 5.622686165829759e-14
16.758078645307688 5.4861510974355266e-14
16.952323415541212 5.357442337939743e-14
17.148819698705406 5.2361019927572424e-14
17.347593592339322 5.121700577971036e-14
17.54867149648152 5.013835276994537e-14
17.75208011717636 4.912128311454783e-14
17.85592618133579 4.862601580065353e-14
17.957846470020968 4.7983758672260006e-14
18.165997883753285 4.673139228781845e-14
18.376562003881723 4.5550493114911234e-14
18.58956679635688 4.4497159183824445e-14
18.80504055128583 4.3523672844211004e-14
19.023011886689456 4.260751470412972e-14
19.24350975230332 4.1745734525329295e-14
19.466563433422632 4.0935591152561375e-14
19.692202554791734 4.0174543779213644e-14
19.92045708453871 3.9460244418271726e-14
20.151357338155584 3.879053162927301e-14
20.38493398252464 3.816342557792424e-14
20.621218039991444 3.757712453722676e-14
20.86024089248505 3.703000297930779e-14
21.102034285685964 3.6456011437756134e-14
21.346630333242455 3.5631293952201595e-14
21.50910497766224 3.5111917342151274e-14
21.594061521035677 3.475498894820662e-14
21.844360711494282 3.374076233287019e-14
22.097561147959027 3.278480605999259e-14
22.353696459097964 3.1883641231914996e-14
22.612800663372795 3.103400457125343e-14
22.874908173557042 3.023283484561924e-14
23.140053801306543 2.947726016399614e-14
23.408272761782943 2.8764586088554714e-14
23.679600678330786 2.809228450936923e-14
23.954073587208793 2.7576144895103582e-14
24.231727942376008 2.7093880456049416e-14
24.512600620333398 2.663942244536263e-14
24.7967289250216 2.621136167523934e-14
25.08415059277541 2.5808385207468367e-14
25.374903797335715 2.5429271877008334e-14
25.43567036813169 2.5353644939701164e-14
25.66902715491952 2.4964828871838237e-14
25.966559729348724 2.4501303198410283e-14
26.26754103723838 2.4066462033927167e-14
26.572011053245067 2.3499453756303188e-14
26.880010215376075 2.2931555912781248e-14
27.191579430360193 2.2395355991112738e-14
27.506760079080674 2.1889048601402724e-14
27.825594022071257 2.1410939480083728e-14
28.148123605075817 2.0959438706305526e-14
28.474391664672474 2.053305435906682e-14
28.80444153396298 2.013038658779705e-14
29.138317048327885 1.9779070442303252e-14
29.476062551248585 1.947004056587406e-14
29.817722900196735 1.9178874067522727e-14
30.163343472591972 1.8904704442492632e-14
30.51297017182871 1.864672464255655e-14
30.866649433372746 1.8415670006548598e-14
31.01609167623964 1.8307382802953695e-14
31.22442823092858 1.8125968754671053e-14
31.586354082678188 1.783142296427377e-14
31.95247505759214 1.7692039816793246e-14
32.322839781813805 1.8073887543637267e-14
32.697497445117676 1.8006125436885262e-14
33.07649780744242 1.7964094352316073e-14
33.459891205499744 1.7949477934557397e-14
33.847728559459824 1.7964428200676358e-14
34.240061379714255 1.8010575996936387e-14
34.63694177371734 1.7788316258180526e-14
35.03842245290676 1.758500637011289e-14
35.44455673970435 1.74003091180217e-14
35.85539857459817 1.7233986755178793e-14
36.271002523306485 1.708590687317799e-14
36.691423784024934 1.695604997291024e-14
37.11671819475767 1.6779247915523355e-14
37.54694224073336 1.6583918990404594e-14
37.98215306190736 1.6406810975237315e-14
38.422408460550606 1.6247715413446637e-14
38.86776690892667 1.610654399831137e-14
39.3182875570577 1.5983339176397714e-14
39.774030240580366 1.6013736099906377e-14
40.23505548869292 1.6144075692999916e-14
40.70142453219438 1.6307525132280263e-14
41.17319931161679 1.650823309033255e-14
41.65044248545185 1.6751244388210324e-14
42.1332174384729 1.7014786877927695e-14
42.62158829015325 1.683312394710217e-14
43.11561990318229 1.6681304247215865e-14
43.615377892080055 1.6559683302696435e-14
44.120928631911895 1.6469033267270147e-14
44.63233926710397 1.641060218029172e-14
45.14967772036102 1.6794799330784446e-14
45.67301270168747 1.7372610582586394e-14
46.20241371751313 1.8063487621102958e-14
46.36887562197174 1.8307382802953695e-14
46.73795107992464 1.8863731147612238e-14
47.27969591600391 1.9851326184755686e-14
47.827720177274855 2.0868871930470436e-14
48.38209664925958 2.210300525354669e-14
48.94289896114532 2.3675469645966964e-14
49.42340667136488 2.5353644939701164e-14
49.51020159556351 2.583458562863788e-14
50.08407989848212 2.982372329159954e-14
50.59738512189274 3.5111917342151274e-14
50.66461008921269 3.979496886184879e-14
50.768698310439206 4.8626015800653525e-14
50.66461008921269 5.2312237524510727e-14
50.33362465373008 6.73415065775083e-14
50.08407989848212 7.443608434450947e-14
49.51020159556351 9.213069210115396e-14
49.47882420711804 9.32603346883218e-14
48.94289896114532 1.1102522023734393e-13
48.38209664925957 1.2835120400063365e-13
48.358917588495885 1.2915496650148828e-13
47.827720177274855 1.5165878240099702e-13
47.27969591600391 1.7154803104218997e-13
47.096131389123 1.788649529057435e-13
46.73795107992464 2.0090589937344023e-13
46.202413717513124 2.2858038145973117e-13
45.7628271570925 2.477076355991714e-13
45.67301270168747 2.5548311682803845e-13
45.14967772036102 2.983754412044928e-13
44.63233926710397 3.2762382050695e-13
44.231728664637686 3.4304692863149124e-13
44.120928631911895 3.5408201488998843e-13
43.615377892080055 4.0091987560966483e-13
43.115619903182285 4.35151310472064e-13
42.621588290153255 4.617290745880078e-13
42.35487772261638 4.750810162102793e-13
42.13321743847289 5.076111474499803e-13
41.65044248545185 5.81705268968708e-13
41.17319931161679 6.309587131790796e-13
40.851297586873656 6.579332246575683e-13
40.70142453219439 6.977525812553143e-13
40.23505548869293 8.041175112913906e-13
39.774030240580366 8.700287790159198e-13
39.35528027033512 9.111627561154867e-13
39.3182875570577 9.251906250742025e-13
38.867766908926676 1.076382658855427e-12
38.422408460550606 1.1694268407030867e-12
37.98215306190736 1.2312243730892101e-12
37.72291835365087 1.2618568830660181e-12
37.546942240733365 1.35367754320519e-12
37.11671819475767 1.5372753842347238e-12
36.691423784024934 1.6504764031313168e-12
36.271002523306485 1.7266900493887907e-12
36.150203366604885 1.7475284000076831e-12
35.85539857459817 1.9845995895329446e-12
35.44455673970435 2.2069071875147636e-12
35.03842245290676 2.3364397158241706e-12
34.63694177371734 2.420038494248918e-12
34.63656036333031 2.4201282647943833e-12
34.240061379714255 2.8869111870012716e-12
33.847728559459824 3.16543846825702e-12
33.459891205499744 3.317468598804018e-12
33.36750934405501 3.351602650938847e-12
33.07649780744242 3.920447287195487e-12
32.697497445117676 4.3521352318544125e-12
32.322839781813805 4.570361784975342e-12
32.1736868185485 4.6415888336127725e-12
31.95247505759214 5.279955173952144e-12
31.58635408267819 5.967289734121144e-12
31.22442823092858 6.268066078893037e-12
30.91572757874426 6.428073117284319e-12
30.866649433372746 6.624037595732953e-12
30.51297017182871 7.894432971846804e-12
30.163343472591976 8.48798818004089e-12
29.817722900196735 8.797080015256951e-12
29.674067168668515 8.902150854450357e-12
29.47606255124859 1.0052321570701362e-11
29.138317048327885 1.1352666476226866e-11
28.80444153396298 1.1953440044358121e-11
28.474391664672478 1.2269037221226776e-11
28.411023696100507 1.2328467394420633e-11
28.148123605075813 1.4475496430068309e-11
27.825594022071257 1.5933250509300556e-11
27.506760079080674 1.6640717685069333e-11
27.19157943036019 1.702615492489597e-11
27.154470533620742 1.7073526474706887e-11
26.880010215376075 2.0368207699155186e-11
26.572011053245067 2.2237046776424102e-11
26.267541037238384 2.3146794156047858e-11
26.00483798830928 2.3644894126454073e-11
25.966559729348727 2.440763239682706e-11
25.66902715491952 2.96953467732286e-11
25.374903797335715 3.170497454256272e-11
25.08415059277541 3.258869478021828e-11
25.029850239078385 3.2745491628777315e-11
24.7967289250216 3.9423375010936234e-11
24.512600620333398 4.327846307826822e-11
24.23172794237601 4.4822234088241046e-11
24.087811923466607 4.5348785081285915e-11
23.954073587208793 5.101930752635727e-11
23.679600678330786 5.872059892541548e-11
23.408272761782943 6.131943466091564e-11
23.140053801306543 6.25510085165463e-11
23.081346351323496 6.280291441834247e-11
22.874908173557042 7.452865371440722e-11
22.612800663372795 8.214506872850589e-11
22.353696459097964 8.528801046827038e-11
22.09756114795903 8.677028810435121e-11
22.06292240258766 8.697490026177835e-11
21.844360711494282 1.0515047636481654e-10
21.594061521035677 1.1463370832702219e-10
21.346630333242455 1.184935966242639e-10
21.102034285685964 1.2030172793773228e-10
21.090546291729044 1.2045035402587787e-10
20.86024089248505 1.5307032498396973e-10
20.621218039991444 1.636796438024713e-10
20.42814502009974 1.6681005372000558e-10
20.384933982524643 1.761768204022305e-10
20.151357338155584 2.184442525666575e-10
19.92045708453871 2.2870598016624517e-10
19.828769907390395 2.310129700083158e-10
19.692202554791734 2.739199154989854e-10
19.466563433422632 3.102458272539935e-10
19.24350975230332 3.1911041378203325e-10
19.223467598725062 3.199267137797384e-10
19.023011886689456 4.110423397442541e-10
18.80504055128583 4.37519163900095e-10
18.695866703067647 4.4306214575838866e-10
18.58956679635688 5.143527870784716e-10
18.376562003881723 5.958710115324609e-10
18.165997883753285 6.119513266042482e-10
18.143826290063195 6.135907273413163e-10
17.957846470020968 7.883755056518553e-10
17.75208011717636 8.395236249547992e-10
17.640208226678112 8.497534359086438e-10
17.54867149648152 9.76447378025218e-10
17.347593592339322 1.1445759647491415e-09
17.148819698705406 1.174897280735427e-09
17.137414735271808 1.1768119524349943e-09
16.952323415541212 1.5456959115009715e-09
16.758078645307688 1.6203647033963281e-09
16.717565247021437 1.62975083462064e-09
16.56605958949915 2.0710602482115414e-09
16.37624074521689 2.23647614062476e-09
16.316154952097104 2.257019719633917e-09
16.18859690178199 2.797287965044247e-09
16.00310313738702 3.095116847930157e-09
15.948069457402223 3.1257158496882354e-09
15.819734815786015 3.912397899159958e-09
15.638467583022479 4.267557440764295e-09
15.461585168416459 4.328761281083062e-09
15.459277364194786 4.3477161866342825e-09
15.282140360258708 5.7609201445731795e-09
15.107033044866556 5.9662336963863725e-09
15.06095788655098 5.994842503189421e-09
14.93393216124253 7.496996631127402e-09
14.76281471909391 8.199221295974356e-09
14.63460413253162 8.302175681319736e-09
14.593657991557576 9.007789657850977e-09
14.426439512181588 1.1225424591277414e-08
14.261137071941297 1.1484747904055285e-08
14.253754422565807 1.1497569953977357e-08
14.097728716289676 1.5355778044832505e-08
13.936192742241435 1.5888235710690317e-08
13.923547254506854 1.5922827933410936e-08
13.77650769549055 2.118657649839619e-08
13.618652367560827 2.201271239809786e-08
13.610783629630705 2.205130739903041e-08
13.462605792989109 2.96987317695882e-08
13.31951835151634 3.053855508833412e-08
13.30834724654076 3.136699270401281e-08
13.155856240457052 4.1842099862424046e-08
13.005112521734098 4.226950622910807e-08
12.998110725749411 4.229242874389499e-08
12.856096069432963 5.5559432146176804e-08
12.708787092020595 5.810363904805622e-08
12.576497224767632 5.857020818056674e-08
12.563166024741214 6.040046284777297e-08
12.419213527017845 7.826977269198472e-08
12.276910479883604 8.072659385606683e-08
12.209771643054477 8.111308307896855e-08
12.136237983442417 9.567721116363856e-08
11.997177354358856 1.1017572988766543e-07
11.859710123376706 1.1212855747625628e-07
11.839346271457623 1.1233240329780265e-07
11.723818032865998 1.4528856897787616e-07
11.58948303439812 1.5436115731784872e-07
11.491249783810373 1.555676143930472e-07
11.456687286348725 1.6991577820179264e-07
11.325413151528128 2.1088992902577517e-07
11.195643194838794 2.1512054554189687e-07
11.182885281236516 2.1544346900318777e-07
11.067360180959744 2.8429163817191087e-07
10.940547072057434 2.9720180196236523e-07
10.908846904796961 2.9836472402833343e-07
10.815187025522892 3.790735117196434e-07
10.691263391734772 4.10774278358801e-07
10.650142160920076 4.1320124001153343e-07
10.56875971184805 5.141735921330399e-07
10.447659715608053 5.663498220238758e-07
10.327947319189525 5.719444168596516e-07
10.322358844730008 5.72236765935022e-07
10.209606623060473 7.602331032786071e-07
10.092621909870484 7.888550160878394e-07
10.033992670869473 7.924828983539153e-07
9.9769776423632 9.309129003559377e-07
9.86265846131282 1.0809463412119365e-06
9.749649183484086 1.0964746749655784e-06
9.74126592245382 1.0974987654930544e-06
9.637934799615785 1.4578944760867285e-06
9.52750047242729 1.5147178264998921e-06
9.49639974353909 1.519911082952933e-06
9.418331534647951 1.9137826142325233e-06
9.310413487069075 2.0909736697432753e-06
9.254549647772118 2.104904144512022e-06
9.20373199661822 2.474142944574721e-06
9.098272894455558 2.8896813932373e-06
9.038247961807427 2.91505306282517e-06
8.994022174092045 3.376089793341567e-06
8.890965989529159 4.008488208914465e-06
8.857576094959782 4.037017258596549e-06
8.789090653419954 5.058163698903641e-06
8.688382635251184 5.5758187901877015e-06
8.681552103036108 5.590810182512223e-06
8.588828559546249 7.563847948515153e-06
8.537912975723877 7.742636826811277e-06
8.490415204088746 9.171952226246705e-06
8.393129498166363 1.0712204171951774e-05
8.392560054416863 1.0722672220103209e-05
8.296958520834906 1.4815054151172546e-05
8.296414651876603 1.4849682622544636e-05
8.201889499202203 2.0538077411020874e-05
8.201819525488613 2.0565123083486515e-05
8.180359959480167 2.848035868435793e-05
8.107909806731687 3.6936174734861935e-05
8.10783741748018 3.944206059437648e-05
8.094953305930343 5.462277217684337e-05
8.015006961565405 7.272811721655216e-05
8.012707413952631 7.56463327554629e-05
7.923168624866254 0.00010406937535574237
7.832382599179197 0.00010460670163474742
7.773777980119305 0.00010476157527896618
7.742636826811269 0.00011575629846647718
7.653919388230148 0.00013816473549247896
7.566218500481055 0.0001433234090563621
7.479522515621821 0.00014463981716984734
7.393819919175866 0.0001450283549395334
7.380894344978402 0.0001450828778495937
7.309099328602912 0.00018196842513253932
7.225349491787215 0.00019634752262878358
7.142559285543126 0.00019976076181187576
7.060717714137772 0.00020067142129072347
7.009930455467918 0.0002009233002565046
6.97981390783066 0.00022380223356884547
6.899837121430018 0.0002659088979172051
6.820776732865685 0.00027522600244228574
6.742622241778341 0.00027751591896308986
6.6653632681249135 0.0002781685255624578
6.654352999799082 0.0002782559402207126
6.588989550799949 0.0003505270330196786
6.513490946272802 0.0003772621185013711
6.438857427240419 0.0003833648019407362
6.365079081295571 0.00038493306732884054
6.319787856615649 0.00038535285937105196
6.292146109610343 0.0004305243274029438
6.220048825634711 0.0005112173737813767
6.148777653810023 0.0005283582171021064
6.07832312829723 0.0005324100450000567
6.008675891719687 0.0005335221546739654
5.998746732482038 0.0005336699231206301
5.939826693920357 0.0006738378326230031
5.871766390733256 0.0007245039658810891
5.804485942768978 0.000735611457379274
5.737976414214134 0.0007383560082456924
5.696452521530098 0.0007390722033525775
5.672228971644543 0.0008242031155276637
5.607234882852032 0.0009819289549097155
5.542985515684668 0.0010140524570078809
5.479472336900287 0.0010213459373533012
5.4166869110331515 0.0010232690901296948
5.407257809356482 0.0010235310218990267
5.354620899273607 0.001292880135950677
5.293266058360561 0.0013907600484380105
5.2326142394866615 0.0014113430893648107
5.172657387216018 0.0014162252431932914
5.133571572712236 0.001417474162926802
5.113387538414326 0.0015699802425603333
5.05479682119124 0.0018844861714384187
4.996877453854884 0.0019458234646085714
4.9396217438783205 0.001959182141860917
4.8830220868778795 0.0019625582461864815
4.87367796686588 0.0019630406500402682
4.827070965603183 0.0024758970723488
4.771760948938745 0.0026686940299570205
4.717084690917017 0.0027075354132432704
4.663034929742731 0.002716365910399899
4.62532080630863 0.0027185882427329397
4.609604486828434 0.002973820462872288
4.556786265841064 0.0036137431007532816
4.504573251759458 0.003733098543826512
4.452958509942656 0.00375800212042987
4.401935185208875 0.0037640218721784005
4.392366715568369 0.0037649358067924563
4.35149650092505 0.004731760474311141
4.301635758106794 0.005119072095936983
4.252346334528681 0.005193733047722177
4.203621683844713 0.005209979935386902
4.166375045773928 0.005214008287999674
4.155455334718876 0.005595051718281099
4.1078408899656464 0.006924105132144627
4.060772025700365 0.007160865234919595
4.0142424904993215 0.007208134512908125
3.968246104569482 0.007219043125773675
3.958206741865447 0.007220809018385456
3.9227767589277196 0.009022091974647933
3.8778284145894575 0.009815916824027588
3.8333951017666017 0.009962151920653604
3.7894709190746676 0.009992572409571661
3.7518708420358373 0.01

