0.1 1.2795469901782563e-05
0.10069386314760276 1.2528516541606791e-05
0.10139254075588151 1.2272411919239741e-05
0.10209606623060467 1.2026715151663528e-05
0.10280447320933092 1.1791003272961794e-05
0.10351779556301763 1.1564870506183999e-05
0.10423606739764017 1.1347927564800655e-05
0.10495932305582274 1.1139800982546756e-05
0.10568759711848043 1.0940132470499761e-05
0.10642092440647241 1.0748578300285533e-05
0.10652136427863525 1.072267222010321e-05
0.10715933998226711 1.0504049199675483e-05
0.10790287915161843 1.0259891843315013e-05
0.1086515774652538 1.002565681277689e-05
0.10940547072057427 9.800940873693598e-06
0.11016459496336566 9.585357178788276e-06
0.11092898648952228 9.378534601917355e-06
0.11169868184678232 9.180117099177348e-06
0.11247371783647517 8.989763095975577e-06
0.11325413151528117 8.807144899009873e-06
0.11403996019700328 8.63194813214495e-06
0.11483124145435111 8.463871195214236e-06
0.1156280131207376 8.302624744815537e-06
0.11643031329208765 8.14793119620678e-06
0.11723818032865989 7.999524245444196e-06
0.11805165285688052 7.857148410940485e-06
0.1187336985474298 7.742636826811277e-06
0.11887076977119035 7.712060982606799e-06
0.11969557023590432 7.530586942550145e-06
0.12052609368708427 7.356487832576404e-06
0.12136237983442408 7.189463942307462e-06
0.12220446866314882 7.029227741328344e-06
0.12305240043592616 6.875503384204132e-06
0.12390621569479161 6.728026235612504e-06
0.12476595526308698 6.586542414774553e-06
0.12563166024741204 6.450808358399511e-06
0.12650337203959036 6.320590401390982e-06
0.12738113231864784 6.195664374593035e-06
0.12826498305280606 6.075815218883395e-06
0.1291549665014884 5.960836614949699e-06
0.13005112521734088 5.8505306281112195e-06
0.13095350204826672 5.744707367574796e-06
0.13186214013947484 5.643184659538279e-06
0.13234469476516178 5.590810182512223e-06
0.13277708293554297 5.528459206577503e-06
0.13369837418249467 5.39905706956618e-06
0.134626057929891 5.274913706355611e-06
0.13556017853293686 5.155815405331507e-06
0.1365007806546014 5.041557139926257e-06
0.13744790926775374 4.931942215666256e-06
0.13840160965731316 4.826781931562948e-06
0.13936192742241424 4.725895255264641e-06
0.14032890847858728 4.62910851140985e-06
0.14130259905995338 4.536255082645729e-06
0.14228304572143527 4.447175122796821e-06
0.1432702953409831 4.3617152816904e-06
0.14426439512181577 4.279728441164673e-06
0.14526539259467808 4.201073461805364e-06
0.146273335620113 4.125614939974721e-06
0.14728827239075026 4.053222974714644e-06
0.1475192436186632 4.037017258596549e-06
0.14831025143361043 3.963279933127485e-06
0.1493393216124252 3.8710082041049605e-06
0.15037553212997382 3.7824863022794585e-06
0.1514189325304352 3.6975618383105572e-06
0.15246957270175737 3.6160886158198723e-06
0.15352750287804226 3.5379263797146562e-06
0.15459277364194776 3.4629405747392306e-06
0.15566543592710616 3.391002113838713e-06
0.1567455410205595 3.3219871559362283e-06
0.15783314056521172 3.255776892741053e-06
0.1589282865622978 3.1922573442207247e-06
0.1600310313738701 3.1313191623849323e-06
0.16114142772530193 3.072857443043512e-06
0.16225952870780874 3.016771545214381e-06
0.16338538778098613 2.9629649178706283e-06
0.1644344291676992 2.91505306282517e-06
0.16451905877536627 2.909917725375689e-06
0.16566059589499144 2.841335100059384e-06
0.16681005372000587 2.7755395980538097e-06
0.16796748720926533 2.7124179534614575e-06
0.1691329517029648 2.6518615034038303e-06
0.17030650292528443 2.5937660009589133e-06
0.17148819698705403 2.5380314357007176e-06
0.17267809038843554 2.484561861531932e-06
0.17387624002162508 2.4332652315133022e-06
0.1750827031735724 2.384053239405409e-06
0.17629753752872057 2.3368411676500272e-06
0.1775208011717635 2.291547741529419e-06
0.1787525525904235 2.248094989252432e-06
0.1799928506782477 2.206408107726593e-06
0.18124175473742368 2.166415333785103e-06
0.18249932448161524 2.1280478206470485e-06
0.18328319660099204 2.104904144512022e-06
0.18376562003881713 2.085980191421631e-06
0.1850407019542302 2.0370764549841298e-06
0.18632463119315604 1.9901601100796236e-06
0.18761746914391206 1.9451503911938932e-06
0.18891927762076663 1.9019698150445343e-06
0.19023011886689448 1.860544047194098e-06
0.19155005555735277 1.8208017740839588e-06
0.19287915080207782 1.7826745802686007e-06
0.19421746814890253 1.7460968306389936e-06
0.19556507158659492 1.7110055574323156e-06
0.19692202554791724 1.6773403518334956e-06
0.19828839491270714 1.6450432599819586e-06
0.1996642450109794 1.6140586832045823e-06
0.2010496416260498 1.5843332823030847e-06
0.2024446509976804 1.555815885731084e-06
0.2038493398252463 1.5284574015027761e-06
0.20429711029536446 1.519911082952933e-06
0.20526377527092524 1.495398109093186e-06
0.20668802496290825 1.4605266198813942e-06
0.20812215699863382 1.4270722650461397e-06
0.20956623994804327 1.394977453803935e-06
0.21102034285685956 1.3641869358025577e-06
0.21248453524988828 1.334647706008145e-06
0.21395888713434222 1.3063089134575927e-06
0.21544346900318834 1.2791217737191772e-06
0.21693835183851842 1.253039484910692e-06
0.21844360711494273 1.2280171471305347e-06
0.2199593068030075 1.2040116851630443e-06
0.221485523372636 1.1809817743250114e-06
0.22302232979659375 1.1588877693257278e-06
0.2245697995539774 1.137691636018095e-06
0.22612800663372784 1.117356885923309e-06
0.227697025538168 1.0978485134163927e-06
0.2277253717703055 1.0974987654930544e-06
0.22927693128656493 1.0720641777871162e-06
0.23086779941871685 1.0471985407029703e-06
0.23246970599856479 1.0233434100067313e-06
0.2340827276178293 1.0004577198971168e-06
0.23570694139967277 9.78502073443673e-07
0.23734242500238667 9.574386747655073e-07
0.23898925662310497 9.372312639662052e-07
0.2406475150015424 9.178450547129359e-07
0.24231727942375994 8.99246674352277e-07
0.243998629725955 8.814041064596912e-07
0.24569164629827908 8.642866357237224e-07
0.24739641008868135 8.478647950700554e-07
0.24911300260677885 8.321103149344016e-07
0.250841505927754 8.169960745968873e-07
0.25258200269627845 8.024960554941677e-07
0.2538287324072857 7.924828983539152e-07
0.25433457613046495 7.870851625668291e-07
0.25609931002584585 7.686032365173971e-07
0.25787628875938007 7.508723891967353e-07
0.2596655972934871 7.338620976995259e-07
0.26146732118010924 7.175430795375221e-07
0.2632815465648021 7.01887242230263e-07
0.2651083601908538 6.868676349443612e-07
0.2669478494034321 6.724584020981363e-07
0.2688001021537606 6.58634738851707e-07
0.27066520700332414 6.45372848405921e-07
0.2725432531281029 6.326499010366187e-07
0.2744343303228365 6.204439947937018e-07
0.27633852900531697 6.087341177973574e-07
0.2782559402207124 5.975001120665229e-07
0.28018665564591955 5.867226388173318e-07
0.28213076759394723 5.763831451717931e-07
0.2829293780553369 5.722367659350221e-07
0.28408836901833034 5.642419087092963e-07
0.28605955351757417 5.510630421605615e-07
0.28804441533962966 5.384197436582922e-07
0.2900430493863992 5.262902484383013e-07
0.29205555121827464 5.146536762308146e-07
0.2940820170587063 5.034899953155555e-07
0.29612254379880343 4.927799880376003e-07
0.2981772290019672 4.825052177246305e-07
0.30024617090855493 4.726479969486379e-07
0.3023294684405778 4.6319135707744163e-07
0.3044272212064302 4.541190190635998e-07
0.30653952950565266 4.454153654204331e-07
0.3086664943337273 4.3706541333691304e-07
0.3108082173869064 4.290547888851364e-07
0.3129648010670752 4.2136970227597927e-07
0.31513634848664784 4.1399692412033785e-07
0.3153734159624432 4.1320124001153343e-07
0.3173229634734977 4.045076471738578e-07
0.31952475057592117 3.9511019497251777e-07
0.32174181506763716 3.8609463839420117e-07
0.3239742629528197 3.7744545776405307e-07
0.3262222009711669 3.691477641072105e-07
0.32848573660300445 3.611872735178605e-07
0.33076497807442407 3.535502825699176e-07
0.33306003436245885 3.4622364472697854e-07
0.33537101520029305 3.3919474771095813e-07
0.33769803108250906 3.324514917904393e-07
0.3400411932703707 3.259822689513585e-07
0.3424006137971424 3.197759429141776e-07
0.3447764054734464 3.138218299631343e-07
0.34716868189265615 3.081096805545722e-07
0.34957755743632746 3.026296616726911e-07
0.35152967871635593 2.9836472402833343e-07
0.35200314727966797 2.969903847770529e-07
0.35444556739704347 2.9000546840577665e-07
0.356904934567523 2.8330440497310193e-07
0.3593813663804628 2.768756591565459e-07
0.36187498124112794 2.707081644134157e-07
0.3643858983763545 2.6479130393015265e-07
0.3669142378402493 2.591148923458779e-07
0.36946012051993027 2.536691582186702e-07
0.3720236681413068 2.484447272043984e-07
0.3746050032748992 2.434326059191462e-07
0.3772042493416998 2.386241664574509e-07
0.37982153061907353 2.340111315397043e-07
0.3824569722466999 2.2958556026314756e-07
0.38511070023255706 2.2533983443192813e-07
0.38778284145894565 2.212666454426906e-07
0.3904735236885561 2.173589817031212e-07
0.3918297936306366 2.154434690031878e-07
0.3931828755705769 2.1290448419313272e-07
0.39591102664684585 2.079237128915699e-07
0.39865810735804413 2.031453486467122e-07
0.40142424904993207 1.9856116600431896e-07
0.4042095839796307 1.9416327378031494e-07
0.4070142453219438 1.8994410147647823e-07
0.40983836717572614 1.8589638624817786e-07
0.41268208457029537 1.8201316040172788e-07
0.41554553347188755 1.7828773939983568e-07
0.4184288507901581 1.747137103544946e-07
0.4213321743847288 1.7128492098751134e-07
0.4242556430717777 1.6799546903966697e-07
0.4271993966306779 1.6483969211027488e-07
0.4301635758106795 1.618121579096495e-07
0.43314832233763995 1.589076549077021e-07
0.4361537789208005 1.5612118336256684e-07
0.436760097700045 1.5556761439304723e-07
0.4391800892596086 1.5263211551219233e-07
0.44222739805058986 1.4908043123158822e-07
0.44529585099426555 1.456730779075926e-07
0.44838559480211876 1.424041902283887e-07
0.4514967772036101 1.392681412386974e-07
0.4546295469532399 1.362595326532987e-07
0.45778405383766185 1.3337318556419924e-07
0.46096044868284336 1.3060413152544926e-07
0.46415888336127786 1.2794760400026228e-07
0.4673795107992462 1.2539903015571245e-07
0.4706224849841282 1.229540229908864e-07
0.47388796097176533 1.2060837378493672e-07
0.4771760948938746 1.1835804485203738e-07
0.480487043965513 1.1619916259076883e-07
0.4838209664925956 1.1412801081596713e-07
0.486842356870045 1.1233240329780266e-07
0.48717802187946324 1.120673652172267e-07
0.4905583706365048 1.0942743745658815e-07
0.4939621743878321 1.0689478818227662e-07
0.4973895958790064 1.0446505784890809e-07
0.5008407989848211 1.0213406407495252e-07
0.504315948717136 9.989779444306395e-08
0.5078152112327673 9.775239959299466e-08
0.5113387538414326 9.569418659520483e-08
0.5148867450137493 9.371961259376069e-08
0.5184593543892911 9.182527870757571e-08
0.5220567527846977 9.000792417949855e-08
0.5256791122018422 8.826442076317357e-08
0.5293266058360562 8.659176733801175e-08
0.5329994080844089 8.498708474300321e-08
0.5366976945540475 8.344761082047481e-08
0.5404216420705916 8.197069566126436e-08
0.5426539698257316 8.111308307896855e-08
0.544171428686589 8.033853547021616e-08
0.5479472336900287 7.845603035871988e-08
0.5517492376129126 7.665002336556378e-08
0.5555776222398876 7.491740581598332e-08
0.5594325706169379 7.325519536521444e-08
0.5633142670601354 7.166053086465594e-08
0.5672228971644544 7.01306674366622e-08
0.5711586478126432 6.8662971749491e-08
0.5751217071841612 6.72549174842697e-08
0.579112264764176 6.590408098617744e-08
0.5831305113526222 6.460813709235802e-08
0.5871766390733255 6.336485512937911e-08
0.5912508413831878 6.217209507334977e-08
0.5953533130814369 6.102780386608508e-08
0.599484250318941 5.993001188097584e-08
0.6036438506075867 5.887682953248085e-08
0.6048784978080541 5.857020818056673e-08
0.6078323128297229 5.7595574790636334e-08
0.6120498372476699 5.625316593232243e-08
0.6162966255132941 5.496530671605811e-08
0.6205728806776502 5.3729780418928375e-08
0.6248788072006892 5.2544460400272564e-08
0.6292146109610344 5.14073064409123e-08
0.633580499265825 5.031636123114785e-08
0.6379766808606281 4.926974700147664e-08
0.6424033659394193 4.826566229023403e-08
0.6468607661546326 4.730237884259223e-08
0.6513490946272803 4.6378238635579057e-08
0.6558685659571432 4.549165102399477e-08
0.6604193962330304 4.46410900023148e-08
0.665001803043112 4.382509157786391e-08
0.6696160054853221 4.304225125074044e-08
0.6742544404336982 4.229242874389499e-08
0.6742622241778342 4.229075698143805e-08
0.678940681269611 4.129293021533081e-08
0.6836516004510237 4.0335649965280046e-08
0.6883952069645498 3.941726857276532e-08
0.6931717276155406 3.853620533551642e-08
0.697981390783066 3.769094378655481e-08
0.7028244264308349 3.688002908381001e-08
0.7077010661181887 3.610206550581802e-08
0.7126115430111747 3.5355714049189576e-08
0.7175560918936926 3.463969012371355e-08
0.7225349491787214 3.3952761341127226e-08
0.7275483529196228 3.329374539374669e-08
0.732596542821523 3.266150801930633e-08
0.7376797602527733 3.2054961048503346e-08
0.7427982482564917 3.1473060531886556e-08
0.7479522515621821 3.091480494286504e-08
0.7515528040888955 3.053855508833412e-08
0.7531420165974372 3.0317912727920864e-08
0.7583677914997191 2.9606345408219467e-08
0.7636298261282244 2.8923691736182644e-08
0.7689283720758311 2.8268776790372006e-08
0.774263682681127 2.7640473394312075e-08
0.7796360130405233 2.7037700176252827e-08
0.785045620020451 2.6459419707779778e-08
0.7904927622696423 2.5904636718067343e-08
0.7959777002314984 2.53723963807014e-08
0.8015006961565405 2.486178267012212e-08
0.8070620141149504 2.4371916784857448e-08
0.8126619200091946 2.3901955634833552e-08
0.8183006815867392 2.3451090390157585e-08
0.8239785684528518 2.3018545088875054e-08
0.8296958520834906 2.260357530130529e-08
0.8354528058382867 2.2205466848655087e-08
0.8377349713592167 2.205130739903041e-08
0.8412497049736117 2.1735867917464366e-08
0.8470868266557404 2.122842697654416e-08
0.8529644499741023 2.0741604581896088e-08
0.8588828559546252 2.0274562906519297e-08
0.8648423275731723 1.9826498169453902e-08
0.8708431497690723 1.939663925224776e-08
0.8768856094587428 1.8984246371647096e-08
0.8829699955494089 1.8588609806225755e-08
0.889096598952916 1.8209048674761745e-08
0.8952657125996396 1.7844909764257496e-08
0.9014776314524917 1.7495566405586848e-08
0.9077326525210226 1.7160417394833136e-08
0.914031074875623 1.683888595846158e-08
0.9203731996618223 1.6530418760544674e-08
0.9267593301146878 1.6234484950331517e-08
0.9331897715733238 1.5950575248521745e-08
0.9338252306410217 1.592282793341094e-08
0.9396648314954692 1.5584047525125614e-08
0.9461848194721999 1.522216648965384e-08
0.9527500472427293 1.4874988945022679e-08
0.9593608287093142 1.4541917436854659e-08
0.9660174799522646 1.4222378788550796e-08
0.972720319245054 1.3915823114723888e-08
0.9794696670695393 1.3621722874723151e-08
0.9862658461312823 1.333957196462139e-08
0.9931091813749796 1.3068884846101294e-08
1.0 1.2809195710741612e-08
1.0069386314760276 1.25600576782645e-08
1.0139254075588153 1.2321042027363974e-08
1.0209606623060465 1.2091737457791421e-08
1.0280447320933093 1.1871749382427875e-08
1.0351779556301763 1.1660699248124702e-08
1.0409176613376598 1.1497569953977355e-08
1.0423606739764018 1.1443080118096225e-08
1.0495932305582276 1.1174067315546879e-08
1.056875971184804 1.091598417631558e-08
1.0642092440647242 1.0668386604138773e-08
1.0715933998226712 1.0430848548378785e-08
1.0790287915161842 1.0202961270721202e-08
1.0865157746525385 9.984332641671548e-09
1.0940547072057425 9.77458646564024e-09
1.1016459496336564 9.573361833454036e-09
1.1092898648952227 9.380312501179592e-09
1.116986818467823 9.19510629418954e-09
1.124737178364752 9.01742453544563e-09
1.1325413151528114 8.846961497014593e-09
1.1403996019700324 8.683423873872644e-09
1.148312414543511 8.526530279092997e-09
1.156280131207376 8.376010759547234e-09
1.160299193434449 8.302175681319736e-09
1.1643031329208768 8.20444515022134e-09
1.1723818032865985 8.01258604256763e-09
1.1805165285688048 7.828521443918908e-09
1.1887076977119033 7.651934659682436e-09
1.1969557023590434 7.482521863622272e-09
1.2052609368708427 7.319991574950298e-09
1.2136237983442406 7.164064156666577e-09
1.222044686631488 7.014471334285272e-09
1.2305240043592616 6.870955734117971e-09
1.2390621569479163 6.733270440319433e-09
1.2476595526308698 6.601178569933431e-09
1.2563166024741208 6.474452865207195e-09
1.2650337203959032 6.352875302472673e-09
1.2738113231864785 6.236236716921369e-09
1.2826498305280605 6.124336442627024e-09
1.291549665014884 6.016981967196277e-09
1.293414085473431 5.994842503189421e-09
1.3005112521734092 5.882869035215862e-09
1.309535020482667 5.746029183039964e-09
1.3186214013947486 5.614748176811163e-09
1.3277708293554298 5.4888001699560734e-09
1.3369837418249466 5.367968492473821e-09
1.3462605792989104 5.252045278052584e-09
1.3556017853293683 5.1408311063386605e-09
1.3650078065460138 5.03413465974213e-09
1.3744790926775374 4.931772394188604e-09
1.3840160965731316 4.833568223250133e-09
1.3936192742241427 4.7393532151117274e-09
1.4032890847858723 4.6489653018518205e-09
1.4130259905995337 4.562249000536287e-09
1.4228304572143526 4.479055145646008e-09
1.432702953409831 4.3992406323773215e-09
1.4418221990370785 4.3287612810830604e-09
1.4426439512181581 4.3203230151021445e-09
1.4526539259467806 4.21858632227107e-09
1.46273335620113 4.1209821005259365e-09
1.4728827239075026 4.027342464841192e-09
1.4831025143361045 3.937506351394901e-09
1.4933932161242527 3.8513192404017395e-09
1.5037553212997377 3.768632890208682e-09
1.514189325304352 3.689305082195735e-09
1.5246957270175738 3.61319937604265e-09
1.5352750287804227 3.5401848749403665e-09
1.5459277364194777 3.470136000343016e-09
1.5566543592710613 3.4029322758729116e-09
1.567455410205595 3.3384581200064536e-09
1.5783314056521174 3.2766026471842342e-09
1.589282865622978 3.2172594770029243e-09
1.600310313738701 3.160326551160599e-09
1.6072389914911265 3.1257158496882354e-09
1.6114142772530191 3.098004423175094e-09
1.622595287078087 3.025433338028337e-09
1.6338538778098612 2.955809680604922e-09
1.6451905877536623 2.889013718978837e-09
1.6566059589499142 2.8249305856915674e-09
1.668100537200059 2.7634500801006728e-09
1.6796748720926533 2.704466478759781e-09
1.6913295170296478 2.6478783535035806e-09
1.7030650292528444 2.5935883969247884e-09
1.71488196987054 2.5415032549426273e-09
1.726780903884356 2.4915333661747234e-09
1.7387624002162505 2.4435928078359166e-09
1.7508270317357242 2.3975991478987547e-09
1.7629753752872057 2.3534733032612865e-09
1.7752080117176352 2.311139403677954e-09
1.7875255259042355 2.2705246612194725e-09
1.7917086008970335 2.257019719633917e-09
1.7999285067824766 2.221759855355401e-09
1.8124175473742368 2.1699885320495887e-09
1.8249932448161523 2.120319549505397e-09
1.8376562003881716 2.072667514021753e-09
1.8504070195423021 2.0269505010356794e-09
1.8632463119315599 1.9830899141718902e-09
1.8761746914391204 1.941010350019585e-09
1.8891927762076663 1.900639468403783e-09
1.9023011886689447 1.861907867927841e-09
1.9155005555735278 1.824748966573018e-09
1.9287915080207778 1.7890988871495974e-09
1.9421746814890255 1.7548963474023835e-09
1.955650715865949 1.7220825545814896e-09
1.9692202554791725 1.6906011042969432e-09
1.9828839491270713 1.6603978834830448e-09
1.9966424501097935 1.6314209773054856e-09
1.9974429190908838 1.62975083462064e-09
2.010496416260498 1.5935634009091272e-09
2.0244465099768036 1.5566261666779255e-09
2.0384933982524633 1.5211886043150675e-09
2.052637752709252 1.4871898072727713e-09
2.066880249629082 1.4545713431350419e-09
2.0812215699863383 1.4232771530999075e-09
2.095662399480433 1.393253455545839e-09
2.1102034285685956 1.3644486535163625e-09
2.124845352498883 1.336813245963686e-09
2.1395888713434217 1.3102997425985891e-09
2.1544346900318834 1.28486258220002e-09
2.1693835183851844 1.2604580542438592e-09
2.1844360711494275 1.2370442237159438e-09
2.1995930680300746 1.21458085897998e-09
2.214855233726359 1.1930293625762127e-09
2.2268000035886506 1.1768119524349943e-09
2.2302232979659373 1.1706364012026057e-09
2.245697995539774 1.1431639329336628e-09
2.2612800663372785 1.116806617400406e-09
2.27697025538168 1.0915191712842244e-09
2.29276931286565 1.0672581505735785e-09
2.3086779941871685 1.0439818758425251e-09
2.324697059985648 1.0216503605651276e-09
2.340827276178293 1.0002252423424298e-09
2.3570694139967276 9.796697169236053e-10
2.3734242500238674 9.599484749077796e-10
2.389892566231049 9.410276410175914e-10
2.406475150015424 9.228747158399902e-10
2.4231727942375993 9.054585199340453e-10
2.43998629725955 8.887491402095563e-10
2.4569164629827913 8.727178784842225e-10
2.4739641008868127 8.57337202130844e-10
2.4826085388757626 8.497534359086438e-10
2.4911300260677884 8.398200071740609e-10
2.50841505927754 8.202132345126608e-10
2.525820026962785 8.014021024541636e-10
2.543345761304649 7.833543084755673e-10
2.5609931002584583 7.660388619389822e-10
2.578762887593801 7.494260308012259e-10
2.596655972934871 7.334872904884608e-10
2.614673211801092 7.181952748478963e-10
2.6328154656480214 7.035237290921654e-10
2.6510836019085375 6.894474646554171e-10
2.669478494034321 6.759423158834364e-10
2.6880010215376062 6.629850984832964e-10
2.7066520700332415 6.505535696610261e-10
2.725432531281029 6.386263898787298e-10
2.744343303228364 6.271830861653473e-10
2.76338529005317 6.162040169179344e-10
2.7679957364184324 6.135907273413163e-10
2.7825594022071245 6.026218882704552e-10
2.8018665564591956 5.88625718176451e-10
2.8213076759394724 5.75197305768302e-10
2.840883690183303 5.623136060162477e-10
2.8605955351757424 5.499525096537935e-10
2.8804441533962963 5.380928051700014e-10
2.9004304938639915 5.267141423458027e-10
2.9205555121827467 5.157969972716147e-10
2.9408201705870622 5.053226387860706e-10
2.9612254379880345 4.952730962781245e-10
2.9817722900196717 4.856311287971469e-10
3.002461709085549 4.763801954178572e-10
3.0232946844057778 4.675044268091205e-10
3.044272212064303 4.5898859795769257e-10
3.065395295056527 4.5081810199999597e-10
3.0864297182231346 4.430621457583887e-10
3.086664943337273 4.429468946261689e-10
3.108082173869064 4.3253074506532805e-10
3.129648010670752 4.2253695151157055e-10
3.1513634848664793 4.1294837554686607e-10
3.1732296347349758 4.0374857454201236e-10
3.1952475057592116 3.9492177339949486e-10
3.217418150676372 3.8645283744417743e-10
3.2397426295281972 3.7832724641518035e-10
3.26222200971167 3.70531069514215e-10
3.2848573660300437 3.630509414674532e-10
3.307649780744241 3.5587403955975203e-10
3.330600343624589 3.489880616017398e-10
3.3537101520029307 3.423812047918534e-10
3.3769803108250915 3.3604214543697796e-10
3.400411932703706 3.2996001949680386e-10
3.424006137971424 3.241244039184352e-10
3.4416315487415106 3.1992671377973845e-10
3.447764054734465 3.1798591317551895e-10
3.4716868189265613 3.10546042021271e-10
3.495775574363275 3.0340767678121395e-10
3.520031472796679 2.96558587456412e-10
3.544455673970434 2.8998704043994024e-10
3.5690493456752295 2.8368177836096314e-10
3.5938136638046276 2.7763200074746296e-10
3.6187498124112802 2.718273454743699e-10
3.6438589837635442 2.662578709651834e-10
3.669142378402492 2.609140391164788e-10
3.6946012051993025 2.5578669891593244e-10
3.7202366814130676 2.5086707072569047e-10
3.746050032748993 2.461467312040553e-10
3.7720424934169974 2.416175988395619e-10
3.7982153061907344 2.372719200725601e-10
3.824569722466999 2.331022559804482e-10
3.838154516170491 2.3101297000831578e-10
3.8511070023255707 2.2836575901049152e-10
3.8778284145894575 2.23049517709139e-10
3.90473523688556 2.1794857162138872e-10
3.9318287557057685 2.1305419176508915e-10
3.9591102664684588 2.0835800334040212e-10
3.986581073580441 2.0385197135128415e-10
4.014242490499322 1.995283868108871e-10
4.042095839796308 1.953798535071588e-10
4.070142453219437 1.9139927530588566e-10
4.0983836717572615 1.875798439693501e-10
4.126820845702954 1.839150274696583e-10
4.155455334718876 1.8039855877664257e-10
4.184288507901583 1.770244251010658e-10
4.2133217438472865 1.7378685757463174e-10
4.242556430717777 1.7068032134905928e-10
4.271993966306779 1.6769950609720255e-10
4.280952154104461 1.6681005372000558e-10
4.301635758106795 1.6408080715621006e-10
4.3314832233764005 1.6028005381937894e-10
4.361537789208003 1.566330890986377e-10
4.391800892596086 1.5313368135379532e-10
4.422273980505899 1.4977585169817612e-10
4.452958509942655 1.4655386374041504e-10
4.483855948021189 1.4346221374277088e-10
4.5149677720360994 1.40495621179041e-10
4.546295469532399 1.3764901967584404e-10
4.577840538376619 1.349175483217064e-10
4.609604486828434 1.322965433290082e-10
4.641588833612779 1.2978153003446108e-10
4.673795107992461 1.2736821522437006e-10
4.7062248498412815 1.2505247977148487e-10
4.738879609717653 1.2283037157079127e-10
4.771760948938746 1.2069809876209738e-10
4.7756271955476475 1.2045035402587787e-10
4.804870439655131 1.1795987021232094e-10
4.838209664925955 1.1524082741763862e-10
4.871780218794631 1.1263168583579651e-10
4.905583706365048 1.1012799538794449e-10
4.9396217438783205 1.0772548640190725e-10
4.973895958790065 1.0542006229261175e-10
5.00840798984821 1.0320779253964939e-10
5.0431594871713585 1.010849059499048e-10
5.078152112327674 9.904778419367755e-11
5.113387538414326 9.709295560318864e-11
5.148867450137495 9.5217089222817e-11
5.184593543892911 9.341698910084593e-11
5.220567527846975 9.168958881290926e-11
5.256791122018422 9.003194620773236e-11
5.293266058360562 8.844123836613807e-11
5.328488809963483 8.697490026177834e-11
5.329994080844091 8.689160835229137e-11
5.366976945540476 8.486295183267474e-11
5.404216420705915 8.291618919522633e-11
5.44171428686589 8.104800719458439e-11
5.479472336900287 7.925522682941492e-11
5.517492376129126 7.75347978978296e-11
5.555776222398878 7.588379377376851e-11
5.594325706169378 7.429940639537502e-11
5.633142670601354 7.277894145675522e-11
5.672228971644543 7.131981379486576e-11
5.711586478126432 6.991954296360581e-11
5.751217071841614 6.857574898751406e-11
5.7911226476417585 6.728614828777833e-11
5.831305113526222 6.60485497735614e-11
5.871766390733256 6.486085109193359e-11
5.912508413831878 6.372103502997034e-11
5.946712018629559 6.280291441834247e-11
5.95353313081437 6.255952291601063e-11
5.9948425031894095 6.110569825700235e-11
6.036438506075867 5.971046536562713e-11
6.07832312829723 5.837145636369989e-11
6.1204983724767 5.708639924227131e-11
6.162966255132942 5.585311397535973e-11
6.2057288067765 5.4669508791350855e-11
6.248788072006891 5.353357659566506e-11
6.292146109610344 5.244339153855394e-11
6.335804992658251 5.139710572213194e-11
6.379766808606282 5.039294604099408e-11
6.4240336593941905 4.942921115099597e-11
6.468607661546324 4.850426856099425e-11
6.513490946272802 4.7616551842557266e-11
6.558685659571432 4.676455795285689e-11
6.604193962330306 4.5946844666148116e-11
6.63877065279895 4.5348785081285915e-11
6.650018030431118 4.50901478961989e-11
6.696160054853219 4.4046985406431856e-11
6.742622241778342 4.304577760689968e-11
6.789406812696109 4.2084831305877686e-11
6.83651600451024 4.116252180141325e-11
6.883952069645496 4.0277290106662945e-11
6.931717276155403 3.9427640287752083e-11
6.9798139078306605 3.861213690959177e-11
7.028244264308349 3.782940258527067e-11
7.077010661181889 3.707811562481953e-11
7.126115430111746 3.635700777931597e-11
7.175560918936925 3.566486207646005e-11
7.225349491787214 3.500051074390985e-11
7.2754835291962285 3.436283321681532e-11
7.3259654282152304 3.375075422613437e-11
7.376797602527734 3.3163241964453357e-11
7.414310474132386 3.2745491628777315e-11
7.427982482564914 3.254304159549446e-11
7.479522515621821 3.1793389990270217e-11
7.531420165974371 3.1073810960147593e-11
7.583677914997191 3.038309292339887e-11
7.636298261282246 2.9720073250696903e-11
7.68928372075831 2.908363628348061e-11
7.742636826811269 2.847271143264138e-11
7.796360130405233 2.788627135427234e-11
7.850456200204509 2.7323330199353764e-11
7.904927622696424 2.678294193437561e-11
7.959777002314982 2.6264198730019724e-11
8.015006961565405 2.5766229415140837e-11
8.070620141149503 2.5288197993397914e-11
8.126619200091946 2.4829302219994178e-11
8.183006815867394 2.4388772236088408e-11
8.239785684528515 2.3965869258537804e-11
8.284599443266442 2.3644894126454073e-11
8.296958520834906 2.3527165207839928e-11
8.354528058382867 2.298740955803067e-11
8.412497049736118 2.2469237074307563e-11
8.470868266557407 2.197178005204251e-11
8.529644499741021 2.1494205795090453e-11
8.58882855954625 2.1035715199975883e-11
8.648423275731723 2.059554139742949e-11
8.708431497690723 2.017294844894847e-11
8.76885609458743 1.9767230096150098e-11
8.829699955494087 1.9377708560777713e-11
8.890965989529159 1.900373339330498e-11
8.952657125996396 1.8644680368168804e-11
9.014776314524918 1.829995042373952e-11
9.077326525210228 1.796896864521529e-11
9.140310748756228 1.765118328870014e-11
9.20373199661822 1.734606484479613e-11
9.262972255448423 1.707352647470689e-11
9.267593301146878 1.704524524673535e-11
9.33189771573324 1.665569240817086e-11
9.396648314954696 1.628165443342108e-11
9.461848194721997 1.592250923164292e-11
9.52750047242729 1.5577659766426738e-11
9.593608287093142 1.5246533043753797e-11
9.660174799522645 1.492857914091493e-11
9.727203192450542 1.4623270274730622e-11
9.794696670695396 1.4330099907479627e-11
9.86265846131282 1.4048581889008e-11
9.931091813749795 1.3778249633552312e-11
10.0 1.3518655329870697e-11
10.069386314760271 1.3269369183331599e-11
10.139254075588154 1.3029978688665675e-11
10.209606623060465 1.2800087932138587e-11
10.280447320933098 1.2579316921952087e-11
10.351779556301762 1.2367300945730791e-11
10.365042073446785 1.2328467394420634e-11
10.423606739764013 1.2100269362863561e-11
10.495932305582278 1.1829465932219652e-11
10.56875971184804 1.1571697160878896e-11
10.642092440647247 1.1330509787138295e-11
10.71593399822671 1.1098618640283245e-11
10.790287915161835 1.0875660283039175e-11
10.865157746525384 1.06612856264231e-11
10.940547072057424 1.0455159359343735e-11
11.01645949633657 1.0256959400991474e-11
11.092898648952227 1.0066376375105319e-11
11.169868184678226 9.883113105238282e-12
11.24737178364752 9.706884130180314e-12
11.325413151528116 9.537415238730229e-12
11.403996019700331 9.374443023040788e-12
11.483124145435111 9.217714449793147e-12
11.562801312073754 9.066986448485451e-12
11.643031329208767 8.92202551615038e-12
11.654178997858729 8.902150854450357e-12
11.723818032865985 8.736596667512553e-12
11.805165285688055 8.550895986004906e-12
11.887076977119033 8.37228626235483e-12
11.969557023590427 8.200492070956262e-12
12.052609368708426 8.03524880966973e-12
12.136237983442406 7.87630227100138e-12
12.220446866314887 7.723408230372392e-12
12.305240043592615 7.576332050795296e-12
12.390621569479157 7.434848303299859e-12
12.476595526308698 7.298740402478797e-12
12.563166024741202 7.167800256548135e-12
12.650337203959038 7.041827931341346e-12
12.738113231864785 6.920631327680405e-12
12.826498305280598 6.80402587158812e-12
12.91549665014884 6.691834216828761e-12
13.005112521734086 6.583885959283843e-12
13.095350204826676 6.48001736268974e-12
13.142059505411162 6.428073117284319e-12
13.186214013947485 6.362528130158252e-12
13.27770829355429 6.23324074654392e-12
13.369837418249466 6.108739524923127e-12
13.462605792989097 5.988842728803011e-12
13.556017853293689 5.873375645432885e-12
13.650078065460137 5.762170311100132e-12
13.744790926775366 5.655065247265655e-12
13.840160965731316 5.551905207108848e-12
13.93619274224142 5.452540932068639e-12
14.03289084785873 5.356828917983687e-12
14.130259905995336 5.264631190451155e-12
14.22830457214352 5.175815089037879e-12
14.32702953409831 5.090253059993111e-12
14.426439512181574 5.007822457125528e-12
14.526539259467812 4.928405350520693e-12
14.627333562011298 4.851888342788447e-12
14.728827239075018 4.778162392541444e-12
14.831025143361044 4.7071226448186244e-12
14.929393859309895 4.6415888336127725e-12
14.933932161242518 4.637544182345881e-12
15.037553212997384 4.546188809542971e-12
15.14189325304352 4.45815045966358e-12
15.246957270175747 4.373304942292079e-12
15.352750287804227 4.291532821966478e-12
15.459277364194769 4.212719233550317e-12
15.566543592710621 4.1367537048537874e-12
15.674554102055948 4.063529986217382e-12
15.783314056521181 3.992945886782695e-12
15.89282865622978 3.919834979054472e-12
16.003103137387 3.848797946152432e-12
16.114142772530197 3.7804332294093744e-12
16.225952870780873 3.714637912800427e-12
16.33853877809862 3.65131310679719e-12
16.451905877536625 3.5903637891746468e-12
16.566059589499137 3.5316986521588812e-12
16.68100537200059 3.4752299556619244e-12
16.79674872092653 3.4208733863599222e-12
16.913295170296486 3.3685479223807643e-12
16.951834553616916 3.351602650938848e-12
17.030650292528442 3.3053101268228595e-12
17.148819698705392 3.238151727415849e-12
17.26780903884356 3.173495145713768e-12
17.387624002162504 3.1112446796025875e-12
17.50827031735725 3.0513083543671e-12
17.62975375287206 2.9935977758011713e-12
17.75208011717634 2.9380279891555158e-12
17.875255259042355 2.884517343689917e-12
17.999285067824765 2.88002304314104e-12
18.124175473742376 2.8266864024894686e-12
18.249932448161523 2.7749662339141843e-12
18.376562003881705 2.724779878077467e-12
18.504070195423022 2.684068780004825e-12
18.6324631193156 2.649711775341391e-12
18.761746914391214 2.616232126802844e-12
18.891927762076662 2.6282103340099186e-12
19.02301188668944 2.6006758000210363e-12
19.15500555573528 2.574160228314203e-12
19.287915080207778 2.5486329584367e-12
19.421746814890266 2.5240648623925134e-12
19.556507158659493 2.5004283350552507e-12
19.692202554791713 2.4776972910520887e-12
19.828839491270713 2.4558471686593575e-12
19.966424501097933 2.434854941460108e-12
20.067221984187043 2.4201282647943833e-12
20.104964162604993 2.4128980976515204e-12
20.24446509976804 2.3872088379051513e-12
20.384933982524622 2.362686486944219e-12
20.52637752709252 2.3393101286551012e-12
20.668802496290816 2.3170611861528557e-12
20.812215699863394 2.2959235018169137e-12
20.956623994804332 2.27588343501387e-12
21.102034285685942 2.2511260287339887e-12
21.248453524988825 2.2140259114273564e-12
21.395888713434218 2.17822747071932e-12
21.544346900318846 2.1436788129928265e-12
21.693835183851842 2.110329884951756e-12
21.84436071149426 2.0781323941844125e-12
21.99593068030075 2.0470397324918237e-12
22.14855233726359 2.0170069018630853e-12
22.302232979659387 1.9879904429606758e-12
22.45697995539774 1.959948366017737e-12
22.612800663372774 1.9328400840059193e-12
22.7697025538168 1.906626347989759e-12
22.927693128656486 1.8812691845438456e-12
23.086779941871697 1.856731835146808e-12
23.24697059985648 1.832978697443489e-12
23.408272761782918 1.8099752682949479e-12
23.570694139967276 1.787688088529338e-12
23.73424250023866 1.769733733912266e-12
23.898925662310504 1.7621931698899492e-12
24.06475150015424 1.7553838522779843e-12
24.231727942375983 1.7493273949645298e-12
24.289122363911908 1.747528400007683e-12
24.399862972595503 1.7431714402145523e-12
24.569164629827903 1.737629854912746e-12
24.73964100886814 1.7332052619791914e-12
24.911300260677884 1.7299412684177702e-12
25.08415059277539 1.7278892282793012e-12
25.258200269627846 1.7271092687877285e-12
25.433457613046482 1.727671496356434e-12
25.609931002584595 1.7296574179008367e-12
25.787628875938005 1.7331616208718043e-12
25.9665597293487 1.7382937654810905e-12
26.146732118010924 1.745180955281077e-12
26.200209151333766 1.7475284000076827e-12
26.3281546564802 1.7524311165603544e-12
26.46394177986335 1.747528400007683e-12
26.51083601908539 1.7455657158696722e-12
26.694784940343208 1.7389994818692635e-12
26.880010215376046 1.7335557114279671e-12
27.066520700332415 1.7292781928831293e-12
27.254325312810273 1.7262189819127226e-12
27.443433032283654 1.7244395372522748e-12
27.6338529005317 1.72401206384144e-12
27.825594022071257 1.7250211062508907e-12
28.018665564591952 1.7275654454595839e-12
28.21307675939471 1.7317603650997803e-12
28.40883690183304 1.7377403699671553e-12
28.60595535175742 1.7456624610873753e-12
28.643395484901216 1.747528400007683e-12
28.80444153396298 1.7557801875754456e-12
29.004304938639915 1.7664401071927898e-12
29.20555512182745 1.773502771513059e-12
29.40820170587064 1.7831712137217771e-12
29.612254379880344 1.795869111228846e-12
29.817722900196735 1.8121199193628089e-12
30.024617090855493 1.832574874907512e-12
30.232946844057764 1.8580506657554074e-12
30.442722120643026 1.889580817833364e-12
30.653952950565266 1.9284868965090008e-12
30.866649433372746 1.9764789018138688e-12
31.080821738690638 2.035799643019744e-12
31.296480106707502 2.1094370519843476e-12
31.513634848664797 2.2014444955223854e-12
31.732296347349763 2.2752237745732114e-12
31.95247505759214 2.3471748261266292e-12
32.13128490891333 2.4201282647943833e-12
32.174181506763716 2.5227823091728647e-12
32.35584931253703 3.351602650938848e-12
32.174181506763716 3.695067514541874e-12
31.952475057592135 4.211590027287718e-12
31.808137447534367 4.6415888336127725e-12
31.732296347349763 4.77913882996591e-12
31.513634848664793 5.240946178160618e-12
31.296480106707506 5.8442522123293596e-12
31.107886215133945 6.4280731172843184e-12
31.080821738690638 6.510537242072537e-12
30.86664943337275 7.174507660319211e-12
30.653952950565266 7.825140847194034e-12
30.442722120643026 8.481619336578809e-12
30.31457463881921 8.902150854450357e-12
30.232946844057764 9.240755882837487e-12
30.024617090855493 1.008641255732002e-11
29.817722900196735 1.087834932096266e-11
29.612254379880344 1.1639647543294135e-11
29.426255715122153 1.2328467394420633e-11
29.40820170587064 1.2434085684819773e-11
29.20555512182745 1.3611495349893716e-11
29.004304938639915 1.4664362900132148e-11
28.80444153396298 1.569176289082524e-11
28.60595535175742 1.6675371677712373e-11
28.52737402094656 1.7073526474706887e-11
28.40883690183304 1.815501148600853e-11
28.213076759394706 1.978577872267445e-11
28.018665564591952 2.120238195463268e-11
27.825594022071257 2.2468960851561886e-11
27.6338529005317 2.3635885302521616e-11
27.6324618907805 2.3644894126454073e-11
27.443433032283654 2.61453274698983e-11
27.254325312810277 2.8236283742462132e-11
27.06652070033241 3.001851233598678e-11
26.880010215376046 3.158340051179154e-11
26.73207441533406 3.2745491628777315e-11
26.694784940343208 3.3471202303063445e-11
26.51083601908539 3.688474600066493e-11
26.3281546564802 3.9652335037587556e-11
26.14673211801092 4.250333766266666e-11
25.9665597293487 4.4913555515218725e-11
25.93518819847659 4.5348785081285915e-11
25.787628875938005 5.053321962863266e-11
25.609931002584595 5.546659609952886e-11
25.433457613046482 5.928793921051995e-11
25.258200269627846 6.240604660545347e-11
25.23694739828276 6.280291441834247e-11
25.084150592775387 7.075683346212734e-11
24.911300260677884 7.754955958449813e-11
24.73964100886814 8.265961250205669e-11
24.569164629827903 8.672983565934272e-11
24.55958929726534 8.697490026177835e-11
24.399862972595503 9.932679003008102e-11
24.231727942375983 1.0861471371568029e-10
24.06475150015424 1.154095773467975e-10
23.909526469033022 1.2045035402587787e-10
23.898925662310504 1.216888415900905e-10
23.734242500238658 1.4023276631378763e-10
23.570694139967276 1.4968675152576682e-10
23.408272761782918 1.5602393006140087e-10
23.24697059985648 1.6121234231457593e-10
23.086779941871697 1.6558285142574067e-10
23.041665564947994 1.6681005372000558e-10
22.927693128656486 1.7997560227646275e-10
22.7697025538168 1.9489874058235086e-10
22.612800663372774 2.0626248623037285e-10
22.45697995539774 2.1513187594900228e-10
22.302232979659387 2.2224459025266265e-10
22.14855233726359 2.28118621633869e-10
22.067987706451806 2.310129700083158e-10
21.995930680300745 2.4341523609866976e-10
21.84436071149426 2.660185836927414e-10
21.693835183851842 2.8283403121297156e-10
21.544346900318846 2.956540576118558e-10
21.395888713434214 3.0569727789741356e-10
21.24845352498883 3.138038177895648e-10
21.11878588148571 3.1992671377973845e-10
21.102034285685942 3.2423401396581105e-10
20.95662399480433 3.724658588167827e-10
20.812215699863394 4.0663706418074353e-10
20.66880249629082 4.287822608923526e-10
20.543799034140548 4.4306214575838866e-10
20.52637752709252 4.530885922715266e-10
20.384933982524622 5.2869190077621e-10
20.24446509976804 5.728678894023674e-10
20.10496416260499 6.008033558769055e-10
20.02835879626835 6.135907273413163e-10
19.966424501097933 6.667617930098335e-10
19.828839491270713 7.592660550322936e-10
19.692202554791713 8.118727504000557e-10
19.556507158659493 8.448394185712559e-10
19.53710541384367 8.497534359086438e-10
19.421746814890266 9.97328756782327e-10
19.287915080207778 1.0976391729127569e-09
19.15500555573528 1.154199737116401e-09
19.08981884234841 1.1768119524349943e-09
19.02301188668944 1.3066442608368453e-09
18.891927762076662 1.491141389589145e-09
18.761746914391214 1.5851764623121798e-09
18.671249481265562 1.6297508346206403e-09
18.6324631193156 1.7440078228341514e-09
18.504070195423022 2.0525713520869697e-09
18.376562003881705 2.1737285820862272e-09
18.249932448161523 2.221572063799525e-09
18.12762649273751 2.257019719633917e-09
18.124175473742376 2.2662194999184114e-09
17.999285067824765 2.588209983069641e-09
17.875255259042355 2.7915474527509173e-09
17.75208011717634 2.924149151168432e-09
17.62975375287206 3.0139137110654684e-09
17.50827031735725 3.077429789677638e-09
17.387624002162504 3.124768268199388e-09
17.385404168430725 3.1257158496882354e-09
17.26780903884356 3.5783061122116387e-09
17.148819698705392 3.867188440162735e-09
17.030650292528442 4.0521325459293215e-09
16.913295170296486 4.175065811444317e-09
16.79674872092653 4.260525485850062e-09
16.68100537200059 4.323181783935458e-09
16.67127727189581 4.328761281083061e-09
16.566059589499137 4.9275378194004305e-09
16.451905877536625 5.3454969658209555e-09
16.33853877809862 5.607923883768272e-09
16.225952870780873 5.77898654927224e-09
16.114142772530197 5.895621519410052e-09
16.003103137387 5.979562783488512e-09
15.983211613790976 5.994842503189421e-09
15.89282865622978 6.755723584321391e-09
15.783314056521181 7.393624892185199e-09
15.67455410205595 7.869833819467848e-09
15.56654359271062 8.132711043263667e-09
15.459277364194769 8.29250505337135e-09
15.453413613238578 8.302175681319736e-09
15.352750287804227 9.890800906699946e-09
15.246957270175745 1.0744987448238024e-08
15.14189325304352 1.1185160690136226e-08
15.037553212997384 1.1434431938115328e-08
15.00931680942981 1.1497569953977357e-08
14.933932161242518 1.3277604362206597e-08
14.831025143361044 1.4728350692344504e-08
14.728827239075018 1.5429311254289957e-08
14.627333562011298 1.5802098325261316e-08
14.588532188270632 1.592282793341094e-08
14.526539259467812 1.810650799233376e-08
14.426439512181574 2.0357872254485915e-08
14.32702953409831 2.1382523400174513e-08
14.22830457214352 2.1899629370281044e-08
14.194535074567627 2.205130739903041e-08
14.130259905995336 2.5417448996536045e-08
14.03289084785873 2.8476074686351535e-08
13.93619274224142 2.979643389348242e-08
13.840160965731316 3.0439721211280114e-08
13.825669610332302 3.053855508833412e-08
13.744790926775366 3.681366648574e-08
13.650078065460137 4.027021617385637e-08
13.556017853293689 4.170671019147143e-08
13.49067670664682 4.229242874389499e-08
13.462605792989095 4.558617708914594e-08
13.369837418249466 5.41119011546085e-08
13.27770829355429 5.718344634902622e-08
13.186214013947485 5.846548424431549e-08
13.177443808369258 5.857020818056673e-08
13.095350204826676 7.141141741389506e-08
13.005112521734086 7.73069634652446e-08
12.91549665014884 7.983534326236565e-08
12.826498305280598 8.107071113462895e-08
12.823901938494105 8.111308307896855e-08
12.738113231864785 1.002945962929775e-07
12.650337203959038 1.0795192939405809e-07
12.563166024741202 1.1107818957168987e-07
12.502604193525224 1.1233240329780266e-07
12.476595526308698 1.2113017666872029e-07
12.390621569479157 1.4383658410944192e-07
12.305240043592615 1.5180069827180097e-07
12.220446866314887 1.549850634430994e-07
12.203797597941684 1.5556761439304723e-07
12.136237983442406 1.8914781393375324e-07
12.052609368708426 2.0744474212332546e-07
11.969557023590427 2.1372603702655344e-07
11.936059540395933 2.154434690031878e-07
11.887076977119033 2.5187269455321746e-07
11.805165285688055 2.8578194690327284e-07
11.723818032865985 2.95941363557385e-07
11.694798182495258 2.9836472402833343e-07
11.643031329208767 3.556198361796242e-07
11.562801312073754 4.0009434290217e-07
11.483124145435111 4.120274918133317e-07
11.475703019331226 4.1320124001153343e-07
11.403996019700331 5.305338414995584e-07
11.325413151528116 5.659239271936707e-07
11.300401376748729 5.722367659350221e-07
11.24737178364752 7.015714678851492e-07
11.169868184678226 7.811081968017093e-07
11.146259370078297 7.924828983539153e-07
11.092898648952227 9.84409923458581e-07
11.01645949633657 1.090039382263697e-06
11.010287527110108 1.0974987654930544e-06
10.940547072057424 1.464435423894636e-06
10.916278571787586 1.519911082952933e-06
10.865157746525384 1.9074811376849985e-06
10.831043364279108 2.104904144512022e-06
10.790287915161835 2.5439570020784397e-06
10.774370273915432 2.91505306282517e-06
10.715933998226712 3.8030312805051703e-06
10.714716736780929 4.037017258596549e-06
10.670464898944276 5.590810182512223e-06
10.642092440647247 6.423499430266975e-06
10.642065791234728 7.742636826811277e-06
10.641871446749763 1.072267222010321e-05
10.63802161801861 1.4849682622544636e-05
10.56875971184804 2.0345058165158165e-05
10.568716805934214 2.0565123083486515e-05
10.56803145711501 2.8480358684357933e-05
10.547083191594556 3.944206059437648e-05
10.495932305582278 5.0202437317220005e-05
10.423606739764011 5.2127372471217996e-05
10.351779556301762 5.3237168927494814e-05
10.280447320933098 5.38994848012113e-05
10.209606623060465 5.431253407457864e-05
10.139254075588154 5.458542813206282e-05
10.129977053224147 5.462277217684337e-05
10.069386314760271 6.291339744071422e-05
10.0 6.85852481105009e-05
9.931091813749795 7.169856989550796e-05
9.86265846131282 7.345618156687694e-05
9.794696670695396 7.448154153934853e-05
9.727203192450542 7.510493702714185e-05
9.660174799522645 7.55051233015356e-05
9.633604039834154 7.56463327554629e-05
9.593608287093142 8.378235540796977e-05
9.52750047242729 9.331115148202023e-05
9.461848194721997 9.843525550670271e-05
9.396648314954696 0.0001012675518095163
9.33189771573324 0.00010288286897147169
9.267593301146878 0.00010384039985528177
9.20373199661822 0.00010443752717052267
9.15735896261696 0.00010476157527896618
9.140310748756228 0.0001099171897837415
9.077326525210228 0.00012621929839356962
9.014776314524918 0.00013480443548865098
8.952657125996396 0.00013944988085353704
8.890965989529159 0.00014204023955542673
8.829699955494087 0.00014353782603244552
8.76885609458743 0.0001444452234116754
8.708431497690723 0.00014503080749934434
8.703430685562402 0.00014508287784959373
8.648423275731723 0.0001693290506163534
8.58882855954625 0.00018397676667005394
8.529644499741021 0.00019173429311726206
8.470868266557407 0.00019596399254612242
8.412497049736118 0.00019834986681045822
8.354528058382867 0.00019975511893811392
8.296958520834906 0.0002006323989911989
8.275637748247004 0.0002009233002565046
8.239785684528515 0.00022441574916082905
8.183006815867394 0.0002498756446815827
8.126619200091946 0.00026306930804774654
8.070620141149503 0.0002701035997045307
8.015006961565405 0.0002739765398038256
7.959777002314982 0.00027619549412556357
7.904927622696424 0.0002775362337600975
7.864495007835153 0.0002782559402207126
7.850456200204509 0.00029193002184976297
7.796360130405233 0.0003370318052901557
7.742636826811269 0.00035989325013375726
7.68928372075831 0.0003718112662334442
7.636298261282246 0.0003782183689118198
7.583677914997191 0.00038179201971470035
7.531420165974372 0.00038388381488852006
7.479522515621821 0.00038519234519390517
7.473479927082062 0.00038535285937105196
7.427982482564914 0.00044994953758393955
7.376797602527734 0.0004903237341393128
7.3259654282152304 0.000510900602785796
7.2754835291962285 0.000521704623687775
7.225349491787214 0.0005275756902732722
7.175560918936925 0.000530908785503575
7.126115430111746 0.0005329180138860761
7.104337552198335 0.0005336699231206301
7.077010661181889 0.0005913377743782388
7.028244264308349 0.0006640405863754444
6.9798139078306605 0.0007002549474495895
6.931717276155404 0.0007188281807094689
6.883952069645496 0.0007286682137700353
6.836516004510239 0.000734093311720132
6.789406812696109 0.0007372492677981574
6.748590958623459 0.0007390722033525775
6.742622241778342 0.0007577912965017379
6.696160054853219 0.0008913438333505044
6.650018030431118 0.0009563364999076385
6.604193962330306 0.0009888944350285689
6.558685659571432 0.001005720005938735
6.513490946272802 0.0010147398194832841
6.468607661546324 0.0010198124513694626
6.4240336593941905 0.00102286378151292
6.414038874161269 0.001023531021899027
6.379766808606282 0.001180218403670134
6.335804992658251 0.0012992083766414978
6.292146109610344 0.0013574194091188283
6.248788072006891 0.001386773073135599
6.2057288067765 0.0014020900215697206
6.162966255132942 0.0014104332919230426
6.1204983724767 0.0014152560771506766
6.09470951592292 0.0014174741629268018
6.07832312829723 0.0015287970829551696
6.036438506075867 0.0017511411666952855
5.994842503189409 0.001857328774284347
5.95353313081437 0.0019095831381497107
5.912508413831878 0.0019361460374600385
5.871766390733256 0.00195018516264445
5.831305113526222 0.001958002930235174
5.7911226476417585 0.0019626950534642872
5.7884365390945085 0.0019630406500402682
5.751217071841614 0.0023316607674224543
5.711586478126432 0.002529373878485124
5.672228971644543 0.0026243103193323
5.633142670601354 0.002671350414274316
5.594325706169378 0.0026955103402485133
5.555776222398878 0.0027085042802655213
5.517492376129126 0.0027159644706863492
5.501597368503586 0.00271858824273294
5.479472336900287 0.003044154507486577
5.44171428686589 0.0034200746959557726
5.404216420705915 0.003596156962615116
5.366976945540476 0.0036812214836756006
5.329994080844091 0.003723727590736676
5.293266058360562 0.003745860838365134
5.256791122018422 0.0037580564866272655
5.224134936276552 0.003764935806792456
5.220567527846975 0.0038429129063571915
5.184593543892911 0.004573195413413995
5.148867450137495 0.0049067247990236375
5.113387538414326 0.005063820103594909
5.078152112327674 0.005140254527785134
5.0431594871713585 0.005178866028590513
5.00840798984821 0.005199354110448978
4.973895958790065 0.005211028649737402
4.964457112560831 0.005214008287999674
4.9396217438783205 0.006005468284878288
4.905583706365048 0.006650961734586318
4.871780218794631 0.006947317068981642
4.838209664925955 0.00708777528098678
4.804870439655131 0.007156717887985513
4.771760948938746 0.007192056834700683
4.738879609717653 0.007211307288594415
4.715187593268298 0.007220809018385456
4.7062248498412815 0.007645019659222237
4.673795107992461 0.008922131556788403
4.641588833612779 0.009493412958038558
4.609604486828434 0.009757187244566663
4.577840538376619 0.009883122408270405
4.546295469532399 0.009945643309699988
4.5149677720360994 0.00997834236824713
4.483855948021189 0.00999681583167992
4.478562151646199 0.01

