0.005913292346331995 0.01
0.00596727119597331 0.009693721053533335
0.006036438506075863 0.009326221430833571
0.0061064075422320365 0.008983274541668404
0.006177187597338488 0.008663240012311103
0.006248788072006887 0.008364587062777925
0.0063212184758124484 0.008085887184845096
0.006394488428556944 0.007825807309249208
0.006468607661546328 0.007583103429388518
0.006543586018883236 0.007356614651026136
0.006591105048451952 0.007220809018385456
0.006619433458774395 0.0071161789434740315
0.006696160054853222 0.006843029216187034
0.006773775997517752 0.006588128684387552
0.006852291595284063 0.006350258115164891
0.006931717276155407 0.006128279732837255
0.007012063589007184 0.00592113177677568
0.007093341204987997 0.005727823422821006
0.007175560918936928 0.005547430044002155
0.007258733650817253 0.005379088787886873
0.007342870447166765 0.005221994449410703
0.007347213069452704 0.005214008287999674
0.007427982482564918 0.005022045492413267
0.007514081061116971 0.004832586764969274
0.007601177617955332 0.004655785818219732
0.007689283720758314 0.00449079698295243
0.00777841107128649 0.004336831089308081
0.007868571506936851 0.00419315169204563
0.007959777002314986 0.00405907154799851
0.008052039670825477 0.003933949328872808
0.008145371766280746 0.00381718655366414
0.008189019898505883 0.0037649358067924563
0.008239785684528518 0.003686397403924334
0.008335293965098195 0.0035455793004359583
0.008431909292866259 0.0034141692864587004
0.008529644499741026 0.003291538805390004
0.008628512566366896 0.003177101294637201
0.00872852662384838 0.0030703093799881384
0.008829699955494092 0.002970652257426533
0.008932045998580967 0.002877653249868851
0.009035578346138929 0.0027908675271361375
0.00912833523951553 0.0027185882427329397
0.009140310748756231 0.002706528285939036
0.009246257116405742 0.00260186307162357
0.009353431520292386 0.0025041905640480647
0.009461848194722 0.00241304357888407
0.009571521538991865 0.002327986144494551
0.009682466119303124 0.00224861141660687
0.009794696670695395 0.0021745397323069196
0.009908228099003796 0.002105416794046378
0.010023075482838654 0.002040911974976815
0.010139254075588152 0.0019807167375048554
0.010174505988400388 0.0019630406500402682
0.010256779307444218 0.0019097259972939548
0.01037566678745186 0.001837129408398842
0.010495932305582274 0.0017693830140713476
0.010617591834830001 0.0017061627717098724
0.010740661533334334 0.0016471662880728165
0.010865157746525383 0.0015921113728798889
0.010991097009294971 0.0015407346890476657
0.01111849604819271 0.0014927904931032047
0.01124737178364752 0.0014480494597509314
0.011341047369438296 0.001417474162926802
0.011377741332214916 0.001401995872436231
0.011509622008850324 0.0013480448351512362
0.011643031329208768 0.0012977102473324155
0.011777987011971193 0.0012507374361535994
0.01191450698119776 0.0012069018614608911
0.012052609368708425 0.001165993981270844
0.012192312516491107 0.0011278182499300316
0.012333634979137757 0.0010921921831971205
0.012476595526308696 0.0010589454857769514
0.012621213145225473 0.0010279192371347482
0.012642115978444267 0.0010235310218990267
0.012767507043192657 0.0009895100553574743
0.01291549665014884 0.0009520899244267351
0.013065201621247212 0.0009171689429983134
0.01321664183946605 0.0008845801925617478
0.013369837418249465 0.0008541679036592895
0.013524808704178753 0.0008257867111724609
0.013681576279674718 0.000799300959354282
0.013840160965731315 0.0007745840532841446
0.014000583824680975 0.000751517853644282
0.014091662279005338 0.0007390722033525775
0.014162866162991988 0.0007264973084820773
0.014327029534098309 0.0006986774775988581
0.014493095741262165 0.000672715555224307
0.014661086840469843 0.0006484874555041509
0.014831025143361043 0.0006258773804699268
0.015002933220192183 0.0006047772664531715
0.015176833902834055 0.0005850862674775538
0.015352750287804228 0.0005667102731588354
0.015530705739334601 0.0005495614588075779
0.015709373885113783 0.0005336699231206301
0.0157107238924745 0.0005335147361646207
0.01589282865622978 0.0005128316563995765
0.016077044216738237 0.0004935298068492654
0.016263395040481923 0.0004755169413873076
0.016451905877536623 0.0004587069749598776
0.016642601764859034 0.00044301957207003686
0.016835508029612024 0.000428379762749536
0.017030650292528444 0.0004147175841819778
0.01722805447131394 0.00040196774626387625
0.01742774678408919 0.0003900693195046264
0.01751015896819532 0.00038535285937105196
0.017629753752872058 0.0003765070145611418
0.017834102207100078 0.0003621562856499919
0.018040819287193827 0.00034876385628806696
0.01824993244816152 0.0003362657288808553
0.018461469463245474 0.00032460218003877675
0.018675458427610758 0.00031371747509988573
0.01889192776207666 0.000303559601720714
0.019110906216891377 0.00029408002126156884
0.01933242287555045 0.0002852334367776823
0.019519734194624952 0.0002782559402207126
0.01955650715865949 0.00027648555173590906
0.019783188827841643 0.0002658155774049474
0.02001249798969037 0.00025585807383559506
0.020244465099768037 0.0002465654626510699
0.020479120966650853 0.00023789334296862947
0.020716496756020688 0.00022980027917918108
0.02095662399480433 0.0002222476029015378
0.02119953457536071 0.000215199228164528
0.021445260759716672 0.00020862147893340257
0.02169383518385184 0.0002024829281560086
0.021758906073747006 0.0002009233002565046
0.021945290862033135 0.00019514963599448268
0.022199661191199545 0.000187745784060804
0.022456979955397742 0.00018083627929501417
0.02271728133026905 0.00017438811135142264
0.022980599887588514 0.00016837047435663642
0.023246970599856483 0.00016275461968176587
0.023516428844943486 0.00015751371854795897
0.023789010410788933 0.0001526227338084658
0.024064751500154243 0.00014805830029430422
0.024255477952590948 0.0001450828778495937
0.0243436887354311 0.00014330431717199732
0.024625859163505466 0.00013779899290013918
0.024911300260677886 0.00013266122820251454
0.025200049937640922 0.0001278664804495114
0.02549214654451423 0.00012339184592120733
0.02578762887593801 0.000119215950355571
0.02608653617622548 0.00011531884680669438
0.0263889081445751 0.00011168192032480855
0.026694784940343205 0.00010828779900244949
0.027004207188377725 0.0001051202709615724
0.0270399426184191 0.00010476157527896618
0.02731721598441376 0.00010116451518841623
0.027633852900531698 9.734400261540721e-05
0.027954159990678563 9.377854270993673e-05
0.02827817979625341 9.045110633591687e-05
0.02860595535175742 8.734580146322205e-05
0.028937530190509507 8.444779723174786e-05
0.02927294835042816 8.17432530868444e-05
0.029612254379880344 7.921925264741283e-05
0.029955493343598132 7.686374199057651e-05
0.030141837281578168 7.56463327554629e-05
0.03030271082866396 7.428795214324001e-05
0.030653952950565274 7.144682015304398e-05
0.03100926635931927 6.879534253586929e-05
0.031368698245668764 6.632085750917595e-05
0.03173229634734976 6.401154872001006e-05
0.032100108955431715 6.18563887900113e-05
0.03247218492073129 5.9845086630605366e-05
0.03284857366030043 5.796803827658358e-05
0.033229325163989715 5.6216281003088635e-05
0.03360407731682246 5.462277217684336e-05
0.033614490001087655 5.456554635904815e-05
0.034004119327037056 5.245261198187574e-05
0.03439826489022925 5.048070926098867e-05
0.034796979038876914 4.864042332379988e-05
0.03520031472796679 4.692296788918422e-05
0.035608325526292776 4.532014329452898e-05
0.0360210656235707 4.382429732569799e-05
0.03643858983763544 4.2428288662720295e-05
0.03686095362172158 4.1125452766514503e-05
0.037288213071828336 3.990957004362868e-05
0.03745909989653045 3.944206059437648e-05
0.03772042493416997 3.85180305365035e-05
0.03815764661271248 3.7051433186579037e-05
0.03859993617679767 3.5682715118369525e-05
0.039047352368855606 3.4405342826810567e-05
0.03949995461220643 3.3213218985910184e-05
0.039957803018952694 3.210065332574331e-05
0.04042095839796308 3.106233545414204e-05
0.04088948226294862 3.0093309493213726e-05
0.041363436840632754 2.9188950409490453e-05
0.04176139568908599 2.848035868435793e-05
0.041842885079015825 2.8292821859324546e-05
0.0423278906557355 2.7201966220261165e-05
0.042818517986524134 2.6183904677318386e-05
0.043314832233764006 2.5233778654351636e-05
0.04381689931514192 2.4347053908853658e-05
0.044324785912403984 2.3519498878181857e-05
0.044838559480211884 2.274716447163883e-05
0.04535828825510189 2.2026365211854925e-05
0.04588404126454759 2.1353661635370413e-05
0.046415888336127795 2.0725843868331616e-05
0.04655618867930719 2.0565123083486515e-05
0.04695390010680061 1.9976260002392588e-05
0.047498148032285026 1.921895839702105e-05
0.04804870439655132 1.851218506010119e-05
0.04860564232142135 1.785256793870275e-05
0.04916903577628028 1.7236960057955968e-05
0.04973895958790065 1.6662424495245274e-05
0.050315489450380536 1.6126220357625926e-05
0.05089870193519682 1.562578969547469e-05
0.05148867450137495 1.5158745289858955e-05
0.05190322109380224 1.4849682622544637e-05
0.05208548550577663 1.4674046669650734e-05
0.05268921421350674 1.4110665404648121e-05
0.0532999408084409 1.3584868245717846e-05
0.05391774640387502 1.3094147288250576e-05
0.05454271305329833 1.2636162008332706e-05
0.05517492376129127 1.2208728089667894e-05
0.05581446249454963 1.1809806996434365e-05
0.0564614141930367 1.1437496242272039e-05
0.05711586478126432 1.1090020308919486e-05
0.057777901179705035 1.0765722171124251e-05
0.05786765733827951 1.0722672220103209e-05
0.05844761131633634 1.0363132406634365e-05
0.059125084138318774 9.971931547912762e-06
0.05981040962380941 9.606823596058839e-06
0.06050367879391222 9.266067693609503e-06
0.061204983724767 8.948039155356796e-06
0.061914417559778445 8.65122171438335e-06
0.0626320745219869 8.374200285721208e-06
0.0633580499265825 8.115654213075026e-06
0.06409244019356454 7.874350966358092e-06
0.06451441302678498 7.742636826811277e-06
0.06483534286054723 7.613154705583856e-06
0.06558685659571431 7.322063089856566e-06
0.06634708121092346 7.050383581992043e-06
0.06711611767496281 6.796821249821141e-06
0.06789406812696108 6.560167564563812e-06
0.06868103588995304 6.339294634414821e-06
0.06947712548460236 6.133149823037696e-06
0.07028244264308349 5.940750727270354e-06
0.07109709432312435 5.7611804900619945e-06
0.07192118872221188 5.5935834262613934e-06
0.07193499988853315 5.590810182512223e-06
0.07275483529196228 5.378023441096482e-06
0.07359814475265766 5.175839415427466e-06
0.07445122910795139 4.987135418185986e-06
0.07531420165974372 4.81101240192931e-06
0.07618717702322995 4.646631297979112e-06
0.07707027114212299 4.493209014071417e-06
0.07796360130405232 4.3500146991338125e-06
0.07886728615614151 4.216366257358338e-06
0.07978144572076624 4.09162709492874e-06
0.08019937171421326 4.037017258596549e-06
0.08070620141149502 3.951411650461417e-06
0.08164167604921467 3.8009252505923947e-06
0.08258799387844268 3.6604697876604105e-06
0.08354528058382868 3.5293763785084312e-06
0.08451366330684718 3.407020756522153e-06
0.08549327066268379 3.2928202947888725e-06
0.08648423275731722 3.1862312279164024e-06
0.08748668120479909 3.0867460592520574e-06
0.08850074914473434 2.9938911411268197e-06
0.08942793153326432 2.91505306282517e-06
0.08952657125996395 2.904211277328172e-06
0.09056428379445289 2.7921862886992786e-06
0.09161402457138518 2.687626616022829e-06
0.09267593301146879 2.5900345627659964e-06
0.09375015015145285 2.4989456243873272e-06
0.09483681866285923 2.413926274075635e-06
0.09593608287093142 2.3345718962397973e-06
0.09704808877380301 2.260504857888479e-06
0.09817298406188835 2.191372708697049e-06
0.09931091813749796 2.126846501173244e-06
0.09971211062727603 2.104904144512022e-06
0.10046204213468131 2.0518838783505666e-06
0.1016265089392995 1.9740326440318598e-06
0.10280447320933098 1.9013677464581366e-06
0.10399609139541202 1.8335435151188132e-06
0.1052015217616159 1.7702373276177771e-06
0.10642092440647247 1.7111480723997927e-06
0.10765446128423159 1.655994714038756e-06
0.10890229622637304 1.6045149542436648e-06
0.11016459496336568 1.5564639821949288e-06
0.11119173192772061 1.519911082952933e-06
0.11144152514667881 1.5084196078539823e-06
0.11273325637104871 1.4504432333395564e-06
0.11403996019700328 1.396327923429441e-06
0.11536181017364784 1.3458164058039236e-06
0.11669898186171475 1.2986685583711815e-06
0.11805165285688055 1.2546602655848873e-06
0.11942000281335324 1.213582351052786e-06
0.1208042134677329 1.1752395813458727e-06
0.12220446866314887 1.1394497362574777e-06
0.12362095437367691 1.1060427410786356e-06
0.12399424962818907 1.0974987654930544e-06
0.12505385872903912 1.0661464493143446e-06
0.1265033720395904 1.0258366548921603e-06
0.12796968682159415 9.882103087980675e-07
0.1294529978227916 9.530886654255367e-07
0.13095350204826675 9.20304891384348e-07
0.13247139878661174 8.897032713032185e-07
0.13400688963639507 8.61138466600374e-07
0.1355601785329369 8.34474823688419e-07
0.13713147177539456 8.095857283156683e-07
0.13828000543162325 7.924828983539153e-07
0.13872097805416211 7.839936897733389e-07
0.1403289084785873 7.539601319475835e-07
0.14195547660501015 7.259251217158881e-07
0.14360089846512605 6.997555794320276e-07
0.1452653925946781 6.753272918708826e-07
0.1469491800624817 6.525243212332782e-07
0.14865248449978571 6.312384535588655e-07
0.15037553212997384 6.113686839184609e-07
0.15211855179861047 5.928207359326128e-07
0.15388177500383463 5.755066133268665e-07
0.1542232408630309 5.72236765935022e-07
0.1556654359271062 5.543820013023358e-07
0.15746977146430866 5.334876596448168e-07
0.1592950212572123 5.13983009091263e-07
0.161141427725302 4.957755511036575e-07
0.1630092360979741 4.78778947725591e-07
0.16489869444710648 4.629126110638725e-07
0.1668100537200059 4.4810132013730014e-07
0.16874356777273758 4.3427486326750936e-07
0.17069949340384077 4.213677043085709e-07
0.17201047423431073 4.1320124001153343e-07
0.17267809038843557 4.07824323275446e-07
0.17467962151272454 3.9224711266362727e-07
0.17670435260889467 3.7770542299461576e-07
0.17875255259042355 3.641303583773669e-07
0.1808244934877952 3.5145760992500943e-07
0.18292045048462938 3.3962715018217436e-07
0.18504070195423022 3.2858294791839134e-07
0.18718552949655792 3.1827270192963275e-07
0.18935521797562951 3.086475925806618e-07
0.1915500555573528 2.996620499053724e-07
0.19187396975801407 2.9836472402833343e-07
0.19377033374779887 2.8854423597901124e-07
0.1960163474319186 2.776989299557506e-07
0.19828839491270714 2.675741269813269e-07
0.20058677795082336 2.581219151779618e-07
0.2029118018046678 2.492975712013139e-07
0.2052637752709252 2.410593479061493e-07
0.20764301072557748 2.3336827615961258e-07
0.21004982416539153 2.2618797985904296e-07
0.21248453524988828 2.1948450327415953e-07
0.21403582220518438 2.1544346900318777e-07
0.21494746734379805 2.1237273398525375e-07
0.21743894756000798 2.0428109511428412e-07
0.21995930680300746 1.967266760675286e-07
0.22250887981283696 1.8967377176212086e-07
0.22508800520954617 1.8308905224948655e-07
0.22769702553816795 1.769414046050646e-07
0.23033628731421313 1.712017853495727e-07
0.23300614106969247 1.6584308269997248e-07
0.23570694139967277 1.608399879950817e-07
0.23843904700937205 1.5616887568445614e-07
0.2387981160125568 1.555676143930472e-07
0.24120282076180072 1.503605481577322e-07
0.24399862972595504 1.4472150639329558e-07
0.24682684522556925 1.3945655155623893e-07
0.24968784288843268 1.3454083720100264e-07
0.25258200269627845 1.2995116879071584e-07
0.2555097090352507 1.2566589378088054e-07
0.2584713507469564 1.2166479902171452e-07
0.2614673211801092 1.1792901499157176e-07
0.26449801824277197 1.1444092640636429e-07
0.2664344880991169 1.1233240329780266e-07
0.2675638444552045 1.10742118172349e-07
0.2706652070033241 1.0653076424863872e-07
0.27380251779278575 1.0259855914090506e-07
0.27697619350368907 9.892697444823652e-08
0.28018665564591955 9.549871294826849e-08
0.28343433061513096 9.229762671305999e-08
0.28671964974937697 8.930864067507822e-08
0.29004304938639913 8.651768128031166e-08
0.2934049709215787 8.39116098897218e-08
0.2968058608665602 8.147816061281335e-08
0.2973276060148823 8.111308307896855e-08
0.30024617090855493 7.847182668244286e-08
0.30372635797033115 7.55333775318768e-08
0.30724688427090036 7.278950448609738e-08
0.31080821738690645 7.022730338926714e-08
0.3144108303147265 6.783472695546874e-08
0.318055201533292 6.560052781164617e-08
0.32174181506763716 6.351420532976017e-08
0.3254711605531848 6.156595599589189e-08
0.3292437333007769 5.974662708083572e-08
0.331830057526011 5.857020818056673e-08
0.33306003436245885 5.7846556873862464e-08
0.3369205705980267 5.564935641605786e-08
0.34082585474234517 5.35974979187861e-08
0.3447764054734464 5.168135054132574e-08
0.34877274748141773 4.989192251286633e-08
0.35281541153808826 4.8220818677133464e-08
0.35690493456752304 4.666020086012931e-08
0.36104185971733377 4.520275087311504e-08
0.36522673643081754 4.3841635975473214e-08
0.36946012051993027 4.257047663376428e-08
0.3704117059492201 4.229242874389499e-08
0.3737425742391064 4.1033411482272075e-08
0.3780746663599349 3.9497956818528614e-08
0.3824569722466999 3.8063938287505775e-08
0.3868900739327975 3.67246415046593e-08
0.39137456019803835 3.547379724332653e-08
0.39591102664684585 3.430555188260868e-08
0.4005000757873611 3.3214439819194336e-08
0.4051423171114647 3.219535771249143e-08
0.40983836717572614 3.124354044113039e-08
0.4135514002758494 3.053855508833412e-08
0.41458884968329107 3.028371324049109e-08
0.41939439556671865 2.9133785546501878e-08
0.4242556430717777 2.805972426071091e-08
0.4291732378422157 2.7056512936680087e-08
0.43414783300550924 2.61194674222593e-08
0.4391800892596086 2.5244213815895767e-08
0.4442706749606883 2.4426667887026366e-08
0.4494202662119142 2.3663015863217182e-08
0.4546295469532399 2.2949696493189863e-08
0.4598992090522438 2.228338430092006e-08
0.4618029629915992 2.205130739903041e-08
0.4652299523960189 2.1510739927435087e-08
0.4706224849841281 2.070555550233567e-08
0.4760775230226368 1.9953404168248775e-08
0.4815957910192351 1.925078399704937e-08
0.48717802187946313 1.8594424776973188e-08
0.4928249570040514 1.7981272654886486e-08
0.49853734638738945 1.7408475797819392e-08
0.5043159487171359 1.687337100604009e-08
0.5101615314749833 1.637347121445225e-08
0.5158535494001536 1.5922827933410936e-08
0.5160748710385906 1.5900151651475895e-08
0.5220567527846975 1.5295920160111493e-08
0.528107971193433 1.4731417928125136e-08
0.5342293299538352 1.420402512300332e-08
0.5404216420705914 1.3711295068662166e-08
0.546685729972018 1.3250942779418991e-08
0.55302242561929 1.282083425437217e-08
0.5594325706169377 1.2418976481697219e-08
0.5659170163246242 1.2043508105723606e-08
0.5724766239702178 1.1692690712789345e-08
0.5763178668274748 1.1497569953977357e-08
0.5791122647641758 1.1313838105032869e-08
0.5858248200152536 1.0889676432973596e-08
0.5926151812475552 1.049334362406467e-08
0.5994842503189408 1.0123007760034377e-08
0.6064329395408061 9.776957832920437e-09
0.6134621717992506 9.453595747790213e-09
0.62057288067765 9.151428855331329e-09
0.62776601058065 8.869062979155873e-09
0.6350425168595962 8.605195904996683e-09
0.642403365939419 8.358611301154536e-09
0.6441358231594239 8.302175681319736e-09
0.6498495354469889 8.061201796971152e-09
0.6573820143409586 7.762962173004814e-09
0.6650018030431118 7.484240938550774e-09
0.6727099135712337 7.223755780040521e-09
0.6805073696735207 6.980308884474733e-09
0.6883952069645496 6.752781357593115e-09
0.6963744730628222 6.5401280114844445e-09
0.7044462277299036 6.3413724971457884e-09
0.7126115430111746 6.15560275912575e-09
0.7202198263096432 5.994842503189422e-09
0.7208715033782136 5.977011104723522e-09
0.7292272058728314 5.752246650472257e-09
0.7376797602527732 5.542154112432982e-09
0.7462302891391108 5.345771533023701e-09
0.7548799281653431 5.16220024191561e-09
0.7636298261282242 4.99060068097468e-09
0.7724811451403399 4.830188505238275e-09
0.7814350607844541 4.680230941644096e-09
0.7904927622696418 4.540043388441362e-09
0.7996554525892345 4.408986239346237e-09
0.8055829918376949 4.328761281083061e-09
0.8089243486805939 4.2701814690222295e-09
0.8183006815867391 4.111542995814165e-09
0.8277856966198472 3.963225893937353e-09
0.8373806535266488 3.824555185645303e-09
0.8470868266557402 3.6949002092344696e-09
0.8569055051268347 3.5736717003352686e-09
0.8668379930019774 3.4603190659154984e-09
0.8768856094587426 3.3543278382461387e-09
0.8870496889654402 3.2552172969244273e-09
0.8973315814583519 3.162538247838104e-09
0.9015826283974853 3.1257158496882354e-09
0.9077326525210223 3.056686325613822e-09
0.9182542835656282 2.9444443634098467e-09
0.9288978720164497 2.8394772068165627e-09
0.9396648314954691 2.741310518889498e-09
0.9505565920101191 2.6495010327095648e-09
0.9615746001432097 2.5636345089139046e-09
0.9727203192450538 2.4833238278787586e-09
0.9839952296278227 2.4082072076567327e-09
0.9954008287621519 2.337946539359908e-09
1.0069386314760271 2.2722258322302265e-09
1.0096844407839491 2.257019719633917e-09
1.0186101701559753 2.192941084727488e-09
1.0304169949505875 2.1132997991540925e-09
1.042360673976401 2.0387973350814846e-09
1.0544427935261684 1.9690997721462402e-09
1.0666649582795387 1.9038950038056926e-09
1.0790287915161836 1.8428913064191941e-09
1.0915359353313911 1.785816002501183e-09
1.1041880508541602 1.7324142119320498e-09
1.1169868184678227 1.6824476853237867e-09
1.1299339380332216 1.6356937141210233e-09
1.131614613083362 1.62975083462064e-09
1.1430311291144786 1.5773928202374408e-09
1.1562801312073754 1.5206957842145402e-09
1.1696827039703845 1.4676379841917533e-09
1.183240627458378 1.4179838790090008e-09
1.1969557023590427 1.3715132671783428e-09
1.2108297502320393 1.3280202831103308e-09
1.2248646137509307 1.287312459270951e-09
1.2390621569479157 1.2492098499256303e-09
1.2534242654613994 1.2135442124136432e-09
1.2679528467864338 1.1801582421641322e-09
1.269437452186273 1.1768119524349943e-09
1.2826498305280598 1.1381637975691508e-09
1.2975171686575868 1.0976443432940665e-09
1.3125568357718427 1.059709731903635e-09
1.3277708293554293 1.0241934359721147e-09
1.3431611700460153 9.909397347568387e-10
1.358729901902709 9.598030090277492e-10
1.3744790926775365 9.306470821107527e-10
1.3904108340900696 9.033446041058425e-10
1.4065272421052364 8.777764764413575e-10
1.422830457214352 8.53831314112879e-10
1.4256748697803117 8.497534359086438e-10
1.4393226447194065 8.243428583240096e-10
1.4560059950206488 7.952533030976219e-10
1.472882723907502 7.68005963200442e-10
1.4899550728528537 7.424827937094511e-10
1.5072253093107555 7.185733788178074e-10
1.524695727017573 6.961744356118532e-10
1.5423686462966273 6.75189350285501e-10
1.560246414366368 6.555277446633005e-10
1.5783314056521165 6.371050710436437e-10
1.596626022101425 6.198422335044314e-10
1.6035019134777566 6.135907273413163e-10
1.6151326935030912 5.99845046794649e-10
1.633853877809862 5.788496254802932e-10
1.6527920614648952 5.591723851765947e-10
1.6719497597319901 5.407293949947543e-10
1.6913295170296487 5.234421228137456e-10
1.710933907269015 5.072370854300869e-10
1.7307655341957258 4.920455215105459e-10
1.750827031735725 4.778030858548915e-10
1.7711210643450885 4.644495635739032e-10
1.7916503273639013 4.519286028794841e-10
1.8070902688543218 4.4306214575838866e-10
1.8124175473742377 4.390810399269651e-10
1.8334254825622907 4.2383250853276066e-10
1.8546769230846993 4.095316090391851e-10
1.8761746914391213 3.9611845866547197e-10
1.8979216428391015 3.835370056545725e-10
1.9199206655932848 3.7173478209224346e-10
1.9421746814890266 3.6066267278488414e-10
1.9646866461804466 3.502746991477141e-10
1.9874595495809837 3.405278171236412e-10
2.0104964162604992 3.3138172821740593e-10
2.0338003058469822 3.2279870278959854e-10
2.04188049856522 3.199267137797384e-10
2.0573743134329137 3.127484336793674e-10
2.0812215699863392 3.022778237239266e-10
2.105345242766706 2.924493691136712e-10
2.129748535745521 2.832229040184163e-10
2.1544346900318843 2.7456081496756e-10
2.1794069843029558 2.66427877135684e-10
2.2046687352394096 2.587911012251013e-10
2.2302232979659387 2.516195902564603e-10
2.2560740664968617 2.448844056236439e-10
2.2822244741868984 2.38558441811375e-10
2.3086779941871693 2.3261630921336165e-10
2.3160485817494014 2.310129700083158e-10
2.335438139906479 2.2550285961414547e-10
2.3625084654779474 2.1824007744126312e-10
2.38989256623105 2.1141616125313831e-10
2.4175940791691306 2.0500403173456737e-10
2.4456166834524464 1.9897831890981528e-10
2.473964100886814 1.9331525345688021e-10
2.5026400964179194 1.8799256504786464e-10
2.5316484786313556 1.8298938726361548e-10
2.560993100258459 1.7828616866075642e-10
2.5906778586880086 1.7386458959729853e-10
2.6207066964838526 1.6970748444934803e-10
2.641858701272418 1.6681005372000558e-10
2.651083601908539 1.6515831962334477e-10
2.6818126094530155 1.5934733596094892e-10
2.712897800372467 1.5390027518548092e-10
2.7443433032283653 1.4879400673799478e-10
2.7761532944368006 1.4400688605091015e-10
2.8083319988231725 1.3951865834339919e-10
2.840883690183304 1.3531036868297442e-10
2.8738126918510667 1.3136427790325634e-10
2.9071233772725784 1.2766378399483936e-10
2.940820170587064 1.2419334861132344e-10
2.9749075472144404 1.209384283560876e-10
2.980140173276695 1.2045035402587787e-10
3.009390034449721 1.168981987451891e-10
3.044272212064303 1.1293208160977855e-10
3.079558712914227 1.0921141175832977e-10
3.115254223555488 1.05720726061641e-10
3.1513634848664793 1.0244554860424924e-10
3.1878912926776457 9.9372327092687e-11
3.2248424984084414 9.648837339048292e-11
3.26222200971167 9.378180791076288e-11
3.3000347911252854 9.124150761495137e-11
3.338285864731761 8.885705738255119e-11
3.370504960148085 8.697490026177835e-11
3.376980310825091 8.648160965058914e-11
3.4161232685855283 8.35714257127717e-11
3.455719936762139 8.083907775122021e-11
3.495775574363275 7.827347321399337e-11
3.536295501355043 7.586422325235577e-11
3.5772850993678733 7.360159765111032e-11
3.6187498124112807 7.147648267404034e-11
3.6606951475969023 6.948034163517196e-11
3.703126675869927 6.760517801896766e-11
3.7460500327489927 6.58435009841551e-11
3.7894709190746676 6.418829309673333e-11
3.8283434457618886 6.280291441834247e-11
3.8333951017666017 6.256757476307724e-11
3.877828414589457 6.054345638167654e-11
3.9227767589277196 5.864115965679756e-11
3.968246104569482 5.6853196856835554e-11
4.014242490499321 5.5172552188429154e-11
4.060772025700365 5.359265186663594e-11
4.1078408899656464 5.210733612092152e-11
4.155455334718876 5.0710833013006525e-11
4.203621683844713 4.939773395089423e-11
4.252346334528681 4.8162970791167676e-11
4.301635758106794 4.7001794428946844e-11
4.35149650092505 4.590975478176374e-11
4.3783699721982305 4.5348785081285915e-11
4.401935185208874 4.470328538726648e-11
4.452958509942656 4.3365467569004226e-11
4.504573251759458 4.210714161856881e-11
4.556786265841064 4.09235584786192e-11
4.609604486828434 3.981026961786076e-11
4.663034929742731 3.876310863798768e-11
4.717084690917017 3.777817412954914e-11
4.771760948938746 3.6851813707902926e-11
4.827070965603183 3.598060916703928e-11
4.8830220868778795 3.5161362695706654e-11
4.9396217438783205 3.4391084107065505e-11
4.996877453854884 3.3666979040168304e-11
5.05479682119124 3.298643809908609e-11
5.0762345697543605 3.2745491628777315e-11
5.113387538414327 3.219366326151638e-11
5.172657387216018 3.136196993327959e-11
5.2326142394866615 3.058117215319348e-11
5.293266058360561 2.975990967215806e-11
5.354620899273607 2.8827828204591462e-11
5.4166869110331515 2.7952650254214845e-11
5.479472336900287 2.7130827473199403e-11
5.542985515684668 2.6359036563370513e-11
5.607234882852032 2.5634164860097198e-11
5.672228971644544 2.4953296848567423e-11
5.737976414214134 2.4313701551873206e-11
5.804485942768978 2.3712820734296018e-11
5.812175441277009 2.3644894126454073e-11
5.871766390733256 2.2957109339046065e-11
5.939826693920357 2.222244088347213e-11
6.008675891719687 2.153204640465984e-11
6.07832312829723 2.0883196687054982e-11
6.148777653810023 2.0273334588253464e-11
6.220048825634711 1.9700064094602623e-11
6.292146109610344 1.9161140083465607e-11
6.365079081295571 1.8654458746596942e-11
6.438857427240418 1.817804863208084e-11
6.513490946272802 1.773006226509675e-11
6.588989550799949 1.7308768310410665e-11
6.633313697914062 1.7073526474706887e-11
6.6653632681249135 1.6850584374539232e-11
6.742622241778341 1.63344721857322e-11
6.820776732865685 1.5848999615913882e-11
6.899837121430018 1.539231717436803e-11
6.97981390783066 1.4962691623248643e-11
7.060717714137772 1.4558498723431993e-11
7.1425592855431255 1.4178216455903511e-11
7.225349491787215 1.3820418689587153e-11
7.30909932860291 1.3483769268676033e-11
7.393819919175866 1.3167016494584621e-11
7.479522515621821 1.2868987979629175e-11
7.566218500481055 1.2588585851475747e-11
7.652632637774012 1.2328467394420633e-11
7.653919388230148 1.2323363942549436e-11
7.742636826811269 1.1979680964309932e-11
7.832382599179197 1.1656406752891357e-11
7.923168624866255 1.1335553992619456e-11
8.015006961565405 1.0976144311780709e-11
8.107909806731687 1.0638679283820478e-11
8.201889499202203 1.0321789118205664e-11
8.296958520834906 1.0024190957673815e-11
8.393129498166363 9.744683302434892e-12
8.490415204088746 9.482140795223382e-12
8.588828559546249 9.235509343719217e-12
8.688382635251184 9.003801558392998e-12
8.733942291169035 8.902150854450357e-12
8.789090653419954 8.741423200683223e-12
8.890965989529159 8.458107480360757e-12
8.994022174092045 8.191854117962803e-12
9.098272894455558 7.941609794373268e-12
9.20373199661822 7.706387596871041e-12
9.310413487069075 7.485262786578252e-12
9.418331534647951 7.277368838978721e-12
9.52750047242729 7.081893739826106e-12
9.637934799615785 6.898076519919489e-12
9.749649183484088 6.725204013307528e-12
9.86265846131282 6.562607824495132e-12
9.962529039511606 6.428073117284319e-12
9.9769776423632 6.402575107208949e-12
10.092621909870484 6.203312585623508e-12
10.209606623060475 6.015838610489996e-12
10.327947319189525 5.8394386980397226e-12
10.44765971560805 5.673443095825556e-12
10.56875971184805 5.517223967642839e-12
10.691263391734772 5.370192760436521e-12
10.815187025522892 5.23179774164708e-12
10.940547072057434 5.101521696228694e-12
11.067360180959746 4.978879773307536e-12
11.195643194838794 4.863417473140901e-12
11.325413151528128 4.754708765692091e-12
11.456687286348727 4.652354332756168e-12
11.470868735827151 4.6415888336127725e-12
11.58948303439812 4.523030224413428e-12
11.723818032865996 4.397358584579747e-12
11.859710123376706 4.279027829042902e-12
11.997177354358854 4.167611650240509e-12
12.136237983442419 4.062710792131833e-12
12.276910479883604 3.9639514513560284e-12
12.419213527017845 3.87098379259129e-12
12.563166024741214 3.835288116000829e-12
12.708787092020597 3.746404390306193e-12
12.856096069432963 3.661725135086566e-12
13.005112521734098 3.580918059278644e-12
13.155856240457052 3.570258567455008e-12
13.30834724654076 3.483820261909771e-12
13.462605792989109 3.4007864144315007e-12
13.558614501425316 3.3516026509388475e-12
13.618652367560827 3.3101737933801212e-12
13.77650769549055 3.204889589569548e-12
13.936192742241435 3.1195685276292422e-12
14.097728716289676 3.031501165472883e-12
14.261137071941295 2.948501436060179e-12
14.426439512181588 2.870243064088906e-12
14.593657991557576 2.7964186881471476e-12
14.76281471909391 2.7267385227574262e-12
14.933932161242533 2.6609290923872427e-12
15.107033044866556 2.598732030175792e-12
15.282140360258708 2.5399029354972154e-12
15.459277364194786 2.4842102839109757e-12
15.638467583022479 2.4314343832750187e-12
15.678164081330692 2.4201282647943833e-12
15.819734815786015 2.3693900554458234e-12
16.00310313738702 2.3076037626009255e-12
16.18859690178199 2.2493928379525235e-12
16.37624074521689 2.1945383961627903e-12
16.56605958949915 2.14283488718953e-12
16.758078645307688 2.0940892989647928e-12
16.952323415541212 2.048120426174721e-12
17.148819698705406 2.0047582054453488e-12
17.347593592339322 1.963843117468121e-12
17.54867149648152 1.925225659090929e-12
17.75208011717636 1.8887658889036624e-12
17.957846470020968 1.8543330532528332e-12
18.165997883753285 1.821805301495634e-12
18.376562003881723 1.7910695037606774e-12
18.58956679635688 1.7620211888683355e-12
18.702356422936433 1.7475284000076831e-12
18.80504055128583 1.7315745257612296e-12
19.023011886689453 1.7000626579797145e-12
19.243509752303325 1.6708927396426386e-12
19.466563433422632 1.6439956867883082e-12
19.692202554791734 1.619317996627909e-12
19.92045708453871 1.5968231534959975e-12
20.151357338155584 1.5764935240609231e-12
20.38493398252464 1.5583328745996526e-12
20.621218039991444 1.542369688523721e-12
20.860240892485052 1.5286615251279492e-12
21.102034285685964 1.5140894668625123e-12
21.346630333242455 1.4870374547154835e-12
21.594061521035677 1.461980750974246e-12
21.844360711494282 1.4388743577785645e-12
22.09756114795903 1.4176983329192048e-12
22.353696459097964 1.3984630642288978e-12
22.612800663372795 1.3812167018229762e-12
22.87490817355704 1.3660556835229276e-12
23.140053801306543 1.3531397784529177e-12
23.408272761782943 1.34271386661047e-12
23.679600678330786 1.3351399896988015e-12
23.954073587208793 1.3542774321446529e-12
24.231727942376008 1.3828005545708264e-12
24.512600620333398 1.4227297291153784e-12
24.7967289250216 1.478226830061811e-12
25.08415059277541 1.5555931173068582e-12
25.37490379733572 1.6647270601818845e-12
25.542096751987458 1.7475284000076831e-12
25.66902715491952 2.000720751094608e-12
25.79771815069312 2.4201282647943833e-12
25.66902715491952 2.7900173970481175e-12
25.526022715449752 3.3516026509388475e-12
25.37490379733572 3.681292814589287e-12
25.08415059277541 4.393598780690881e-12
24.998734540878537 4.6415888336127725e-12
24.7967289250216 5.166358343242144e-12
24.512600620333398 5.909379904879944e-12
24.327528605044744 6.428073117284319e-12
24.231727942376008 6.755711753033893e-12
23.954073587208793 7.683993466185079e-12
23.679600678330786 8.53946145499533e-12
23.55854768997223 8.902150854450357e-12
23.408272761782943 9.572269849216281e-12
23.140053801306543 1.0674331923321107e-11
22.874908173557042 1.1653508074878099e-11
22.69071730141272 1.2328467394420633e-11
22.61280066337279 1.2835373092515061e-11
22.353696459097964 1.4419157645932081e-11
22.09756114795903 1.5735707662524575e-11
21.844360711494282 1.6907314222132348e-11
21.81094282470531 1.7073526474706887e-11
21.594061521035677 1.9138673054379514e-11
21.346630333242455 2.1055628749219686e-11
21.102034285685964 2.264172001133519e-11
20.94782995798323 2.3644894126454076e-11
20.860240892485045 2.4936565526806508e-11
20.621218039991444 2.8118796842133704e-11
20.38493398252464 3.0519887997490097e-11
20.151357338155584 3.247346128859962e-11
20.120791963103752 3.2745491628777315e-11
19.92045708453871 3.710706338830314e-11
19.692202554791734 4.0817297878241106e-11
19.466563433422632 4.3605972912727754e-11
19.30639806041668 4.534878508128591e-11
19.24350975230332 4.739769311622078e-11
19.023011886689456 5.3805434361356656e-11
18.80504055128583 5.822787108032496e-11
18.58956679635688 6.152916543329913e-11
18.502949392245725 6.280291441834247e-11
18.376562003881723 6.887765497807529e-11
18.165997883753285 7.679526914096906e-11
17.957846470020968 8.217618653403175e-11
17.75208011717636 8.615275732212536e-11
17.710688113669033 8.697490026177835e-11
17.548671496481518 9.848752139324965e-11
17.347593592339322 1.0849712132772238e-10
17.148819698705406 1.151743227501896e-10
16.952323415541212 1.2004253610771424e-10
16.937105085909657 1.2045035402587787e-10
16.758078645307688 1.3929164394149037e-10
16.56605958949915 1.5223575607726192e-10
16.37624074521689 1.6068304199016634e-10
16.18859690178199 1.667364027251184e-10
16.186556519668628 1.6681005372000558e-10
16.00310313738702 1.9545006143249504e-10
15.819734815786013 2.125753960167932e-10
15.638467583022479 2.2347153880014654e-10
15.462823161407545 2.310129700083158e-10
15.459277364194786 2.3185901931500506e-10
15.282140360258708 2.7258021979157835e-10
15.107033044866556 2.957723199430742e-10
14.933932161242533 3.101104961243986e-10
14.76281471909391 3.1991757284615204e-10
14.762674216377857 3.199267137797384e-10
14.593657991557574 3.782068439097731e-10
14.426439512181588 4.1038119718203254e-10
14.261137071941297 4.296463446930054e-10
14.097728716289676 4.4243895728107903e-10
14.09056369703803 4.4306214575838866e-10
13.936192742241435 5.222898123881429e-10
13.77650769549055 5.680576407088907e-10
13.618652367560827 5.945199882881248e-10
13.462605792989109 6.11507541165057e-10
13.44463007393803 6.135907273413163e-10
13.30834724654076 7.177743765352634e-10
13.155856240457052 7.847040982122728e-10
13.005112521734098 8.228215844301535e-10
12.856096069432965 8.460135869278496e-10
12.832809745101272 8.497534359086438e-10
12.708787092020595 9.938143325861328e-10
12.563166024741214 1.0900785871684943e-09
12.419213527017845 1.140996395338469e-09
12.276910479883604 1.1710763437885719e-09
12.249938520935292 1.1768119524349943e-09
12.136237983442419 1.372820316818373e-09
11.997177354358856 1.509921501439261e-09
11.859710123376706 1.579977080096591e-09
11.723818032865998 1.619959708755896e-09
11.688938124035726 1.62975083462064e-09
11.589483034398121 1.8844101835407678e-09
11.456687286348727 2.0860795028638227e-09
11.325413151528128 2.1853546845028175e-09
11.195643194838794 2.2398536939100257e-09
11.14915029578316 2.257019719633917e-09
11.067360180959746 2.568259970988815e-09
10.940547072057434 2.8745821938900615e-09
10.815187025522892 3.019540458580872e-09
10.691263391734772 3.095808554859148e-09
10.629426781355349 3.1257158496882354e-09
10.56875971184805 3.4689271464210114e-09
10.447659715608053 3.949416892030505e-09
10.327947319189525 4.167646703828789e-09
10.209606623060475 4.277390577351421e-09
10.128153254568403 4.328761281083061e-09
10.092621909870484 4.6276501263436266e-09
9.9769776423632 5.4061345313209925e-09
9.86265846131282 5.745086888494775e-09
9.749649183484086 5.907708722863948e-09
9.643170263619902 5.994842503189421e-09
9.637934799615785 6.060329422697443e-09
9.52750047242729 7.363542315699476e-09
9.418331534647951 7.907024256781327e-09
9.310413487069075 8.155547594961481e-09
9.20373199661822 8.28475188340172e-09
9.190040061378799 8.302175681319736e-09
9.098272894455558 9.95917472461602e-09
8.994022174092045 1.0859281307068323e-08
8.890965989529159 1.1251446517232635e-08
8.789090653419954 1.1443953591916035e-08
8.75655030543811 1.1497569953977357e-08
8.688382635251184 1.3328371590589258e-08
8.588828559546249 1.48689554324998e-08
8.490415204088746 1.5508515129599688e-08
8.393129498166363 1.5804885613792404e-08
8.337531261702647 1.5922827933410936e-08
8.296958520834906 1.75432976304558e-08
8.201889499202203 2.026963031976205e-08
8.107909806731687 2.1348286054609864e-08
8.015006961565405 2.1820536794994087e-08
7.929996288243017 2.205130739903041e-08
7.923168624866254 2.24567200614262e-08
7.832382599179197 2.7521695202871424e-08
7.74263682681127 2.939657608511593e-08
7.653919388230148 3.015513568718845e-08
7.566218500481055 3.0509923967088e-08
7.559890888159778 3.053855508833412e-08
7.47952251562182 3.753000142853693e-08
7.393819919175866 4.052187940921767e-08
7.309099328602911 4.16810504329796e-08
7.225349491787214 4.2195445757606347e-08
7.208829501327201 4.229242874389498e-08
7.142559285543126 5.08205589895703e-08
7.060717714137772 5.5752711893014184e-08
6.9798139078306605 5.758169445493536e-08
6.899837121430018 5.835096016713277e-08
6.870936129547683 5.857020818056673e-08
6.820776732865685 6.811756722324562e-08
6.74262224177834 7.651294115750955e-08
6.6653632681249135 7.949210768022045e-08
6.588989550799949 8.067990560014289e-08
6.544603844006005 8.111308307896855e-08
6.513490946272802 8.987053466472128e-08
6.438857427240419 1.0462360153273849e-07
6.365079081295571 1.0963267556555696e-07
6.292146109610344 1.1152762649873433e-07
6.22773220292169 1.1233240329780265e-07
6.220048825634711 1.1552971227322836e-07
6.148777653810023 1.4229764412619767e-07
6.07832312829723 1.5099114251558881e-07
6.008675891719687 1.5411581475073649e-07
5.939826693920357 1.5541862571378518e-07
5.932439890547028 1.5556761439304723e-07
5.871766390733256 1.9195199479622156e-07
5.804485942768978 2.07528258788366e-07
5.737976414214134 2.1285443942853082e-07
5.672228971644544 2.1493342573298318e-07
5.652449877643338 2.1544346900318777e-07
5.607234882852032 2.555417057217068e-07
5.542985515684668 2.8436202693865087e-07
5.479472336900287 2.9374701620698893e-07
5.4166869110331515 2.9718876100400174e-07
5.380810989795043 2.9836472402833343e-07
5.354620899273607 3.3270264639468164e-07
5.293266058360561 3.8779958560629617e-07
5.2326142394866615 4.0527622102998173e-07
5.172657387216018 4.111596935512796e-07
5.129304646809889 4.132012400115335e-07
5.113387538414326 4.4482420323055266e-07
5.05479682119124 5.35888201446773e-07
4.996877453854884 5.613691985004642e-07
4.9396217438783205 5.694231484100471e-07
4.8948529743955005 5.72236765935022e-07
4.8830220868778795 6.066491333502608e-07
4.827070965603183 7.407697068723133e-07
4.771760948938746 7.772983694090604e-07
4.717084690917017 7.885211417461552e-07
4.669763514948904 7.924828983539154e-07
4.6630349297427305 8.211371051228128e-07
4.609604486828434 1.0225583874227977e-06
4.556786265841064 1.0759037691808466e-06
4.504573251759458 1.0918167414719946e-06
4.453485274802268 1.0974987654930544e-06
4.452958509942656 1.1007832241444153e-06
4.401935185208875 1.4092926577705608e-06
4.35149650092505 1.4886639330298572e-06
4.301635758106794 1.5116278858658025e-06
4.252346334528681 1.5195533411854628e-06
4.250509477593702 1.519911082952933e-06
4.203621683844713 1.9385232217982574e-06
4.155455334718876 2.0589009000924085e-06
4.1078408899656464 2.0926468554986884e-06
4.060772025700365 2.1038426578802283e-06
4.056668326558283 2.104904144512022e-06
4.0142424904993215 2.659886705647087e-06
3.968246104569482 2.8461177009238974e-06
3.9227767589277196 2.896654013768706e-06
3.8778284145894575 2.9127492793410847e-06
3.871095206745164 2.91505306282517e-06
3.8333951017666017 3.637677773613645e-06
3.7894709190746676 3.931813506320227e-06
3.7460500327489923 4.009005323656005e-06
3.703126675869927 4.032583929027821e-06
3.6932872696240677 4.037017258596549e-06
3.6606951475969023 4.95244502811406e-06
3.6187498124112802 5.427166778037768e-06
3.5772850993678733 5.547540566071617e-06
3.536295501355043 5.5827855697219954e-06
3.5227056250628452 5.590810182512223e-06
3.495775574363275 6.699228050284933e-06
3.455719936762139 7.48294820851615e-06
3.4161232685855283 7.67477416048299e-06
3.376980310825091 7.72860159761024e-06
3.3587497211582735 7.742636826811277e-06
3.338285864731761 8.976921119894562e-06
3.3000347911252854 1.0301792662056066e-05
3.2622220097116696 1.0614493451593279e-05
3.224842498408442 1.069858785150526e-05
3.2007167088117283 1.0722672220103209e-05
3.1878912926776457 1.1856270320044553e-05
3.1513634848664793 1.4152219613346562e-05
3.1152542235554876 1.4674180550259157e-05
3.079558712914227 1.4808726920450155e-05
3.0477359088543823 1.4849682622544636e-05
3.044272212064303 1.5298301546529176e-05
3.009390034449721 1.938184357122567e-05
2.9749075472144404 2.027492084068548e-05
2.940820170587064 2.049559849767242e-05
2.9071233772725784 2.0560874378082528e-05
2.905255664548486 2.0565123083486515e-05
2.873812691851067 2.6422428093345954e-05
2.840883690183304 2.799046125380578e-05
2.8083319988231725 2.836185360043204e-05
2.7761532944368006 2.8465344788014667e-05
2.7710212482369485 2.848035868435793e-05
2.7443433032283653 3.576796057689184e-05
2.712897800372467 3.859631542451491e-05
2.6818126094530155 3.9238243696323096e-05
2.651083601908539 3.940724332941417e-05
2.6427792010111775 3.944206059437648e-05
2.6207066964838526 4.8477991227118625e-05
2.5906778586880086 5.341885564181489e-05
2.560993100258459 5.437218665088036e-05
2.5316484786313556 5.45918162213085e-05
2.526720747691514 5.462277217684337e-05
2.5026400964179194 6.908666464081318e-05
2.473964100886814 7.437083994911185e-05
2.4456166834524464 7.538793790915338e-05
2.4175940791691306 7.562523252845903e-05
2.4152468711366497 7.56463327554629e-05
2.38989256623105 9.775631889117549e-05
2.3625084654779474 0.00010341071653593566
2.335438139906479 0.00010449714003555684
2.3086779941871693 0.00010475492645807442
2.308161096287856 0.00010476157527896618
2.2822244741868984 0.000137599014315795
2.2560740664968617 0.00014365299580707824
2.2302232979659387 0.0001448150870283545
2.209135070791701 0.0001450828778495937
2.2046687352394096 0.00015342531546968548
2.1794069843029558 0.0001929253565049762
2.1544346900318843 0.000199411025968473
2.129748535745521 0.00020065609876001548
2.1150219476231698 0.0002009233002565046
2.105345242766706 0.00022716202776572724
2.0812215699863392 0.00026970586442749033
2.0573743134329137 0.0002766584132327511
2.0338003058469822 0.0002779950003930608
2.023734255698919 0.0002782559402207126
2.0104964162604992 0.0003303640170762307
1.987459549580984 0.0003762099180244914
1.9646866461804466 0.0003836680349663034
1.9421746814890266 0.0003851062150925405
1.935514564607033 0.00038535285937105196
1.9199206655932848 0.00047446036332211546
1.8979216428391015 0.0005238906334548512
1.8761746914391213 0.0005318969981745672
1.8546769230846993 0.0005334488295772965
1.8504975080154673 0.0005336699231206301
1.8334254825622907 0.0006752868453070043
1.8124175473742377 0.0007286103203268306
1.7916503273639013 0.0007372122033315894
1.7711210643450885 0.0007388923022000794
1.7687401794654765 0.0007390722033525775
1.750827031735725 0.0009547827658135589
1.7307655341957258 0.001012337606270747
1.710933907269015 0.0010215876065250557
1.6913295170296487 0.0010234139196422375
1.6902444144885553 0.0010235310218990267
1.6719497597319901 0.0013433409367738485
1.6527920614648954 0.001405497766972332
1.633853877809862 0.0014154547282753999
1.6151326935030912 0.001417449568341838
1.6149731123195799 0.001417474162926802
1.596626022101425 0.0018830622244159865
1.5783314056521165 0.0019502276710464802
1.560246414366368 0.0019609578321891225
1.5458881154746524 0.0019630406500402682
1.5423686462966273 0.002094340513717613
1.524695727017573 0.0026322628152870326
1.5072253093107555 0.0027048835127673476
1.4899550728528537 0.002716461965028949
1.4796753324430578 0.0027185882427329397
1.472882723907502 0.003086414114154985
1.4560059950206488 0.003671716367030857
1.4393226447194065 0.0037502835121510612
1.422830457214352 0.0037627960627357303
1.4155749563479507 0.0037649358067924563
1.4065272421052364 0.004476086235133281
1.3904108340900696 0.005113298786661837
1.3744790926775365 0.005198353345418855
1.358729901902709 0.005211898919224666
1.3537130318941935 0.005214008287999674
1.3431611700460153 0.006417842957368806
1.3277708293554291 0.007111960384643143
1.3125568357718427 0.007204099080682768
1.2975171686575868 0.007218792838445234
1.294153494808854 0.007220809018385456
1.2826498305280598 0.009125774986423384
1.2679528467864338 0.009882306076466254
1.2534242654613994 0.009982188325470376
1.2390621569479157 0.00999816573802108
1.23691542653425 0.01

