0.012739879325348263 0.01
0.012767507043192657 0.009926733038248939
0.01291549665014884 0.009543665848761445
0.013065201621247214 0.009186191464729623
0.01321664183946605 0.008852600025018906
0.013369837418249465 0.008541295904705717
0.013524808704178753 0.00825079008293022
0.013681576279674718 0.00797969302065454
0.013840160965731315 0.007726708014259621
0.014000583824680975 0.0074906249931897245
0.014162866162991988 0.007270314731977811
0.014200358323334768 0.007220809018385456
0.014327029534098309 0.007004648240526167
0.014493095741262165 0.006738949919760215
0.014661086840469847 0.006491002963644115
0.014831025143361043 0.006259621399489173
0.015002933220192183 0.006043698489711175
0.015176833902834055 0.005842201438115087
0.015352750287804228 0.00565416644985399
0.015530705739334601 0.0054786941214333435
0.015710723892474503 0.005314945138710078
0.01582815795496506 0.005214008287999674
0.01589282865622978 0.00514217142656458
0.016077044216738237 0.00494468707170954
0.016263395040481923 0.004760396690932809
0.016451905877536623 0.0045884187918475185
0.016642601764859034 0.0044279307747729256
0.016835508029612024 0.004278164998099351
0.017030650292528444 0.0041384051065269795
0.01722805447131394 0.004007982604615814
0.01742774678408919 0.003886273659257599
0.017629753752872058 0.0037726961157752746
0.017643784718148845 0.0037649358067924563
0.017834102207100078 0.003628899674047776
0.018040819287193827 0.0034919230188334024
0.018249932448161522 0.003364097804561556
0.018461469463245474 0.0032448126214031344
0.018675458427610758 0.003133496907957993
0.01889192776207666 0.003029618222162145
0.019110906216891377 0.002932679694526264
0.01933242287555045 0.0028422176515238975
0.01955650715865949 0.0027577993977616552
0.01966541956908448 0.0027185882427329397
0.019783188827841643 0.002663792310159363
0.02001249798969037 0.0025619823069464687
0.020244465099768037 0.0024669742526810716
0.020479120966650853 0.002378313707628322
0.020716496756020688 0.0022955765932745984
0.02095662399480433 0.0022183671638874346
0.02119953457536071 0.0021463161135959986
0.021445260759716672 0.002079078809937943
0.02169383518385184 0.002016333645423402
0.021921238642688114 0.0019630406500402682
0.021945290862033135 0.001955755938873549
0.022199661191199548 0.0018800840890686873
0.022456979955397742 0.0018094678922647052
0.02271728133026905 0.001743569579155451
0.022980599887588514 0.0016820739468781116
0.02324697059985648 0.001624686851344039
0.023516428844943486 0.0015711338002972798
0.023789010410788933 0.0015211586403711945
0.024064751500154243 0.001474522331863123
0.024343688735431104 0.0014310018053666196
0.024433393035509048 0.001417474162926802
0.024625859163505466 0.0013799641442218667
0.024911300260677883 0.0013274775696265626
0.02520004993764092 0.0012784976345714201
0.025492146544514226 0.0012327900596901822
0.02578762887593801 0.0011901362178735543
0.02608653617622548 0.0011503320885383915
0.0263889081445751 0.0011131872817623904
0.026694784940343205 0.0010785241276165653
0.027004207188377725 0.0010461768263396326
0.02723490214889024 0.0010235310218990267
0.027317215984413765 0.0010130884709460808
0.027633852900531698 0.0009740770162190371
0.02795415999067856 0.0009376719252381961
0.02827817979625341 0.0009036990662668256
0.02860595535175742 0.0008719959413483768
0.0289375301905095 0.000842410909051015
0.02927294835042816 0.0008148024591407624
0.029612254379880344 0.0007890385357138907
0.029955493343598136 0.0007649959055509995
0.030302710828663964 0.0007425595686714909
0.030357920100755786 0.0007390722033525775
0.030653952950565274 0.0007149059429804943
0.03100926635931927 0.000687847297858738
0.031368698245668764 0.0006625964466007634
0.03173229634734976 0.0006390326101035002
0.032100108955431715 0.0006170430785425373
0.03247218492073129 0.0005965226722618069
0.03284857366030043 0.0005773732386813533
0.033229325163989715 0.000559503182816804
0.03361449000108764 0.0005428270291649455
0.03383719606442618 0.0005336699231206301
0.034004119327037056 0.0005247998501904286
0.03439826489022925 0.0005046880944590686
0.034796979038876914 0.0004859200093584266
0.03520031472796679 0.0004684058239631209
0.035608325526292776 0.0004520617649630636
0.0360210656235707 0.00043680965596144426
0.03643858983763544 0.00042257654354370833
0.03686095362172158 0.0004092943483289481
0.037288213071828336 0.000396899539334633
0.03771962301933479 0.00038535285937105196
0.03772042493416997 0.0003853251211025263
0.03815764661271248 0.0003703767476234458
0.038599936176797675 0.00035642707805841627
0.0390473523688556 0.00034340938878579737
0.03949995461220643 0.0003312614140036771
0.039957803018952694 0.000319925047901948
0.04042095839796308 0.0003093460667323317
0.040889482262948626 0.0002994738694469721
0.041363436840632754 0.00029026123566501657
0.041842885079015825 0.0002816640998095069
0.04204077204889954 0.0002782559402207126
0.04232789065573551 0.00027186524372849587
0.042818517986524134 0.0002614969355752535
0.043314832233764006 0.0002518213361675523
0.04381689931514192 0.00024279216548896035
0.044324785912403984 0.00023436623550092482
0.044838559480211884 0.00022650324356705183
0.04535828825510189 0.00021916557967875243
0.04588404126454759 0.00021231814656018954
0.046415888336127795 0.0002059281917920513
0.046862316101534615 0.0002009233002565046
0.0469539001068006 0.00019959637261876773
0.047498148032285026 0.00019188996642476665
0.04804870439655131 0.00018469842672317355
0.048605642321421366 0.0001779873551779945
0.04916903577628028 0.00017172465161338114
0.04973895958790065 0.00016588036047305123
0.050315489450380536 0.0001604265275377883
0.05089870193519682 0.00015533706621567768
0.05148867450137495 0.00015058763276552069
0.05208548550577663 0.00014615550985660046
0.05223417201356496 0.0001450828778495937
0.05268921421350674 0.00014084044471786566
0.0532999408084409 0.0001354952206420455
0.05391774640387503 0.00013050711197560577
0.05454271305329833 0.00012585225976692818
0.05517492376129126 0.00012150839908593108
0.05581446249454963 0.00011745475252714763
0.0564614141930367 0.00011367193082788655
0.05711586478126432 0.00011014184012611591
0.057777901179705035 0.00010684759541446745
0.05822212167593882 0.0001047615752789662
0.05844761131633635 0.00010339311988836888
0.05912508413831878 9.942019836268781e-05
0.05981040962380941 9.571270841936326e-05
0.06050367879391222 9.225291652331035e-05
0.061204983724767 8.902427392054352e-05
0.061914417559778445 8.601133748269943e-05
0.0626320745219869 8.319969583995548e-05
0.0633580499265825 8.057590044902373e-05
0.06409244019356454 7.812740126650672e-05
0.06483534286054723 7.584248671993124e-05
0.06490025733092224 7.56463327554629e-05
0.06558685659571431 7.296504723578794e-05
0.06634708121092346 7.020939693006681e-05
0.06711611767496282 6.76378520653156e-05
0.06789406812696108 6.523811252332184e-05
0.06868103588995304 6.299869995920424e-05
0.06947712548460236 6.0908902898565776e-05
0.07028244264308349 5.895872550271719e-05
0.07109709432312435 5.7138839756907845e-05
0.07192118872221188 5.54405408528703e-05
0.07233694062190339 5.462277217684337e-05
0.07275483529196228 5.356047206251658e-05
0.07359814475265766 5.151229128856561e-05
0.07445122910795139 4.960094977039566e-05
0.07531420165974372 4.781730525371035e-05
0.07618717702322995 4.6152826279966934e-05
0.07707027114212299 4.459955137898816e-05
0.07796360130405232 4.315005098792384e-05
0.07886728615614151 4.1797391914415315e-05
0.07978144572076624 4.053510417398288e-05
0.08063513657314532 3.9442060594376474e-05
0.08070620141149502 3.932446912900773e-05
0.08164167604921467 3.780212604960366e-05
0.08258799387844268 3.638149090397413e-05
0.08354528058382865 3.5055768568818514e-05
0.08451366330684718 3.381861790426123e-05
0.08549327066268379 3.2664121423129775e-05
0.08648423275731722 3.1586756986634135e-05
0.08748668120479909 3.058137139106421e-05
0.08850074914473434 2.964315571916509e-05
0.08952657125996397 2.876762233829212e-05
0.08987523620759405 2.848035868435793e-05
0.0905642837944529 2.774668016206909e-05
0.09161402457138516 2.669077015569736e-05
0.09267593301146879 2.5705405602580933e-05
0.09375015015145285 2.4785873350976378e-05
0.09483681866285923 2.3927775135609927e-05
0.09593608287093142 2.3127006540052863e-05
0.09704808877380303 2.237973736462488e-05
0.09817298406188835 2.1682393305921807e-05
0.09931091813749796 2.1031638860337698e-05
0.10018078628600845 2.0565123083486515e-05
0.10046204213468131 2.0370184104596504e-05
0.10162650893929953 1.9585361746167404e-05
0.10280447320933098 1.8852973424878974e-05
0.10399609139541202 1.8169516016314403e-05
0.1052015217616159 1.7531720440347867e-05
0.10642092440647244 1.6936536024603378e-05
0.10765446128423159 1.6381115912593893e-05
0.10890229622637304 1.5862803446745622e-05
0.11016459496336568 1.5379119461174957e-05
0.11144152514667881 1.4927750423437587e-05
0.1116677413158893 1.4849682622544634e-05
0.1127332563710487 1.437446543685072e-05
0.1140399601970033 1.3830105663148419e-05
0.11536181017364786 1.3322114582058541e-05
0.11669898186171473 1.2848062397795301e-05
0.11805165285688055 1.2405681649564756e-05
0.11942000281335324 1.1992856365936786e-05
0.1208042134677329 1.1607611943815586e-05
0.12220446866314887 1.124810570359799e-05
0.12362095437367691 1.0912618075343349e-05
0.12446650802311413 1.0722672220103209e-05
0.12505385872903912 1.0552154143814856e-05
0.1265033720395904 1.0147549548780446e-05
0.12796968682159415 9.769976580188616e-06
0.1294529978227916 9.417629253360886e-06
0.13095350204826675 9.088822241666825e-06
0.13247139878661174 8.781982815341305e-06
0.13400688963639507 8.495643318870887e-06
0.1355601785329369 8.228434150967289e-06
0.13713147177539456 7.979077213550115e-06
0.13872097805416211 7.746379798404132e-06
0.13874687167054459 7.742636826811277e-06
0.1403289084785873 7.447091072868996e-06
0.14195547660501012 7.1664534342433096e-06
0.14360089846512605 6.90456517391494e-06
0.1452653925946781 6.6601736455314016e-06
0.1469491800624817 6.432109892153717e-06
0.14865248449978571 6.219283054955459e-06
0.15037553212997384 6.0206751554776076e-06
0.15211855179861047 5.835336226481723e-06
0.15388177500383463 5.662379768111649e-06
0.1546423894758652 5.590810182512223e-06
0.1556654359271062 5.466403520248064e-06
0.15746977146430866 5.257814614489432e-06
0.1592950212572123 5.0631615021090466e-06
0.161141427725302 4.881513133129862e-06
0.1630092360979741 4.712000661076013e-06
0.16489869444710648 4.553813287149919e-06
0.1668100537200059 4.406194382060535e-06
0.16874356777273758 4.268437866952849e-06
0.17069949340384077 4.139884836127992e-06
0.17237897273276173 4.037017258596549e-06
0.1726780903884356 4.0133400596108e-06
0.17467962151272456 3.858302536666934e-06
0.17670435260889467 3.713623033734151e-06
0.17875255259042355 3.578609532387168e-06
0.1808244934877952 3.4526162479630137e-06
0.18292045048462938 3.3350405406794068e-06
0.18504070195423022 3.2253200331217406e-06
0.18718552949655792 3.1229299203111405e-06
0.18935521797562951 3.0273804594871866e-06
0.1915500555573528 2.9382146275986095e-06
0.19213772006069824 2.91505306282517e-06
0.19377033374779887 2.8318946142704636e-06
0.19601634743191856 2.7243588130603944e-06
0.1982883949127071 2.6240074401359442e-06
0.2005867779508234 2.5303605050475344e-06
0.2029118018046678 2.4429700854889717e-06
0.2052637752709252 2.3614181848232587e-06
0.2076430107255775 2.285314732747293e-06
0.21004982416539153 2.2142957195324017e-06
0.21248453524988828 2.1480214549164377e-06
0.21416517169788996 2.104904144512022e-06
0.21494746734379805 2.0789663290333456e-06
0.21743894756000798 1.9990381997045095e-06
0.21995930680300746 1.924450029189544e-06
0.22250887981283693 1.854845056222632e-06
0.22508800520954617 1.789890354722388e-06
0.227697025538168 1.7292752413630118e-06
0.23033628731421313 1.6727097895357557e-06
0.23300614106969247 1.6199234425927378e-06
0.2357069413996728 1.5706637197400246e-06
0.23843904700937205 1.524695008390092e-06
0.23872882980654986 1.519911082952933e-06
0.24120282076180072 1.4671280143818267e-06
0.24399862972595504 1.4116887793744564e-06
0.24682684522556925 1.359953401869935e-06
0.2496878428884327 1.3116744285753214e-06
0.25258200269627845 1.2666209385063095e-06
0.2555097090352507 1.2245774384645158e-06
0.2584713507469564 1.1853428323079929e-06
0.2614673211801092 1.1487294590847977e-06
0.26449801824277197 1.1145621954289005e-06
0.2660858915055949 1.0974987654930544e-06
0.2675638444552045 1.0769731602176973e-06
0.2706652070033241 1.0357667020309917e-06
0.27380251779278575 9.973132105845176e-07
0.27697619350368907 9.614287616203124e-07
0.28018665564591955 9.279417188084497e-07
0.28343433061513096 8.966919127919787e-07
0.28671964974937697 8.675298750798712e-07
0.29004304938639913 8.403161231235663e-07
0.2934049709215787 8.149204931575571e-07
0.29661262551063056 7.924828983539153e-07
0.29680586086656024 7.907360293564977e-07
0.30024617090855493 7.601083345496811e-07
0.30372635797033115 7.315268408252138e-07
0.30724688427090036 7.048548429226739e-07
0.3108082173869064 6.79964768805658e-07
0.3144108303147265 6.567375694728617e-07
0.318055201533292 6.350621495358388e-07
0.32174181506763716 6.14834835839832e-07
0.3254711605531848 5.959588815860023e-07
0.3292437333007769 5.783440035832181e-07
0.3306005585356851 5.72236765935022e-07
0.33306003436245885 5.579297603173618e-07
0.3369205705980267 5.366858097935983e-07
0.34082585474234517 5.168611355955777e-07
0.3447764054734464 4.983609172083828e-07
0.34877274748141773 4.810966690225461e-07
0.35281541153808826 4.64985817100939e-07
0.356904934567523 4.4995130422181315e-07
0.36104185971733377 4.3592122130885694e-07
0.36522673643081754 4.228284634853606e-07
0.3685125534146999 4.132012400115335e-07
0.36946012051993027 4.0961323360173337e-07
0.3737425742391064 3.938230515904317e-07
0.3780746663599349 3.7908778153200386e-07
0.3824569722466999 3.6533694603672026e-07
0.3868900739327975 3.5250477625693445e-07
0.39137456019803835 3.4052989731139386e-07
0.39591102664684585 3.2935503472628524e-07
0.4005000757873611 3.189267404888877e-07
0.4051423171114647 3.0919513740351726e-07
0.40983836717572614 3.0011368052698934e-07
0.4107660320310148 2.9836472402833343e-07
0.4145888496832911 2.890502698325596e-07
0.41939439556671865 2.780978010507533e-07
0.4242556430717777 2.678770397634372e-07
0.4291732378422157 2.5833910175230967e-07
0.43414783300550924 2.4943836870509844e-07
0.4391800892596086 2.4113227002232654e-07
0.4442706749606883 2.3338107920149345e-07
0.4494202662119142 2.261477238247627e-07
0.4546295469532399 2.1939760824130404e-07
0.45785157634702883 2.1544346900318777e-07
0.4598992090522438 2.1219588150841418e-07
0.4652299523960189 2.040550593830738e-07
0.4706224849841281 1.9645810051078304e-07
0.47607752302263673 1.8936867047665477e-07
0.4815957910192351 1.8275286232170128e-07
0.48717802187946313 1.7657903436641512e-07
0.4928249570040514 1.7081765886927904e-07
0.4985373463873894 1.6544118079633334e-07
0.5043159487171359 1.6042388602627622e-07
0.5101615314749833 1.5574177836071743e-07
0.5103820823065849 1.5556761439304723e-07
0.5160748710385907 1.4975780882824878e-07
0.5220567527846975 1.4411105020864416e-07
0.528107971193433 1.3884152929842874e-07
0.5342293299538352 1.3392404381976693e-07
0.5404216420705914 1.2933507521702307e-07
0.546685729972018 1.2505267616904739e-07
0.55302242561929 1.2105636561669483e-07
0.5594325706169377 1.1732703080348699e-07
0.5659170163246242 1.1384683586087092e-07
0.5688632637205752 1.1233240329780263e-07
0.5724766239702178 1.0993202573269154e-07
0.5791122647641758 1.057348006222182e-07
0.5858248200152536 1.0181797156428479e-07
0.5926151812475551 9.816280620379707e-08
0.5994842503189408 9.475182365492036e-08
0.6064329395408061 9.156871089210011e-08
0.6134621717992506 8.859824472692797e-08
0.62057288067765 8.582621899766679e-08
0.62776601058065 8.323937662317963e-08
0.6341209821436579 8.111308307896855e-08
0.6350425168595962 8.071460019157679e-08
0.642403365939419 7.759477888436013e-08
0.6498495354469889 7.468337387191642e-08
0.6573820143409586 7.196646170046392e-08
0.6650018030431118 6.94310491054136e-08
0.6727099135712337 6.706501086701602e-08
0.6805073696735207 6.485703181780528e-08
0.6883952069645496 6.279655272446133e-08
0.6963744730628222 6.087371978524396e-08
0.7044462277299036 5.9079337501443876e-08
0.7068110537872381 5.857020818056674e-08
0.7126115430111747 5.695628447733067e-08
0.7208715033782136 5.479219010164368e-08
0.7292272058728313 5.2772662176426676e-08
0.7376797602527732 5.088804295837812e-08
0.7462302891391108 4.912931990535328e-08
0.7548799281653431 4.7488082571898045e-08
0.7636298261282242 4.595648238453275e-08
0.7724811451403399 4.452719510438977e-08
0.7814350607844541 4.3193385797666744e-08
0.7878642004451164 4.229242874389499e-08
0.7904927622696419 4.181637045642402e-08
0.7996554525892346 4.020773879128175e-08
0.8089243486805937 3.8706564452781115e-08
0.818300681586739 3.7305668900566836e-08
0.8277856966198472 3.5998353162302735e-08
0.8373806535266488 3.4778365795060166e-08
0.8470868266557403 3.3639872987148384e-08
0.8569055051268347 3.257743065738671e-08
0.8668379930019774 3.158595841837167e-08
0.8768856094587426 3.066071527920787e-08
0.8782403878197733 3.053855508833412e-08
0.8870496889654402 2.9511969126905566e-08
0.8973315814583519 2.8396080063306777e-08
0.9077326525210223 2.73547300696779e-08
0.9182542835656281 2.6382939792286676e-08
0.9288978720164498 2.5476062521297397e-08
0.9396648314954692 2.4629761968011476e-08
0.9505565920101191 2.3839991526759044e-08
0.9615746001432096 2.3102974922254205e-08
0.9727203192450538 2.241518814985355e-08
0.9789202305028202 2.205130739903041e-08
0.9839952296278227 2.166635776806534e-08
0.9954008287621519 2.083684797465522e-08
1.0069386314760271 2.0062745358131738e-08
1.0186101701559753 1.9340348718119567e-08
1.0304169949505875 1.8666204106800884e-08
1.042360673976401 1.803708831106358e-08
1.0544427935261684 1.7449993438159243e-08
1.0666649582795387 1.6902112531147396e-08
1.0790287915161836 1.6390826145327996e-08
1.0912796080822693 1.5922827933410936e-08
1.0915359353313911 1.5910172686710717e-08
1.1041880508541602 1.529352789736763e-08
1.1169868184678227 1.471806979654015e-08
1.1299339380332216 1.4181047209651022e-08
1.1430311291144786 1.3679892745415377e-08
1.1562801312073754 1.3212210518287068e-08
1.1696827039703845 1.2775764691123809e-08
1.183240627458378 1.2368468783274272e-08
1.1969557023590427 1.1988375692951301e-08
1.2108297502320393 1.1633668386171329e-08
1.2163669088021993 1.1497569953977357e-08
1.2248646137509307 1.1227629638768302e-08
1.2390621569479157 1.0799825172129762e-08
1.2534242654613994 1.0400592381759846e-08
1.2679528467864338 1.0028022839459943e-08
1.2826498305280598 9.68033559919576e-09
1.2975171686575868 9.35586868090195e-09
1.3125568357718427 9.053071123214373e-09
1.3277708293554291 8.770495567121636e-09
1.3431611700460153 8.50679133506694e-09
1.3559516411969053 8.302175681319736e-09
1.358729901902709 8.244733767521096e-09
1.3744790926775365 7.926682491659692e-09
1.3904108340900696 7.629871111592686e-09
1.4065272421052364 7.352880998493267e-09
1.422830457214352 7.094388283828625e-09
1.4393226447194065 6.853157529241931e-09
1.4560059950206488 6.6280358193130995e-09
1.472882723907502 6.41794724894751e-09
1.4899550728528537 6.221887779029031e-09
1.5072253093107555 6.0389204357352015e-09
1.5115079214739755 5.994842503189421e-09
1.524695727017573 5.81941663011744e-09
1.542368646296627 5.598737963003943e-09
1.560246414366368 5.392794865654448e-09
1.5783314056521167 5.200603212458616e-09
1.596626022101425 5.021244611197302e-09
1.6151326935030912 4.85386201211232e-09
1.633853877809862 4.6976556103023454e-09
1.6527920614648954 4.5518790218489794e-09
1.6719497597319901 4.4158357153867904e-09
1.6849491241783203 4.328761281083061e-09
1.6913295170296485 4.273524258570265e-09
1.7109339072690148 4.109438276148661e-09
1.7307655341957258 3.95630757600929e-09
1.7508270317357248 3.8134005636237146e-09
1.7711210643450885 3.680034507583202e-09
1.7916503273639015 3.555572275712648e-09
1.8124175473742379 3.4394192892153043e-09
1.8334254825622907 3.3310206802829608e-09
1.8546769230846993 3.2298586395793083e-09
1.8761746914391213 3.1354499409122612e-09
1.878433650485569 3.1257158496882354e-09
1.8979216428391013 3.0171792324888353e-09
1.9199206655932848 2.903307288284688e-09
1.9421746814890266 2.7970367413449535e-09
1.9646866461804469 2.697860029204206e-09
1.9874595495809837 2.6053034867654477e-09
2.0104964162604992 2.5189250821945053e-09
2.0338003058469822 2.4383123040534674e-09
2.0573743134329137 2.363080189570045e-09
2.0812215699863392 2.292869484614661e-09
2.094006249757355 2.257019719633917e-09
2.105345242766706 2.2159235031692096e-09
2.129748535745521 2.131235922552863e-09
2.1544346900318843 2.0522004699487858e-09
2.1794069843029558 1.978439789435346e-09
2.2046687352394096 1.9096017244386647e-09
2.2302232979659387 1.8453576346938045e-09
2.2560740664968617 1.7854008256260545e-09
2.2822244741868984 1.7294450826425849e-09
2.3086779941871693 1.6772233033264162e-09
2.3346955401080884 1.62975083462064e-09
2.335438139906479 1.627999488442382e-09
2.3625084654779474 1.565007921469941e-09
2.38989256623105 1.5062194647440149e-09
2.4175940791691306 1.4513535490780332e-09
2.4456166834524464 1.4001483393027265e-09
2.473964100886814 1.3523594831318382e-09
2.5026400964179194 1.3077589435943594e-09
2.5316484786313556 1.2661339094511594e-09
2.560993100258459 1.2272857783868229e-09
2.5906778586880086 1.19102920811546e-09
2.602793000075007 1.1768119524349943e-09
2.6207066964838526 1.1496394825344261e-09
2.651083601908539 1.1059036576649593e-09
2.6818126094530155 1.0650851384738408e-09
2.712897800372467 1.0269892301795098e-09
2.7443433032283653 9.914342361036782e-10
2.7761532944368006 9.582505896928331e-10
2.8083319988231725 9.272800445103019e-10
2.840883690183304 8.983749183267525e-10
2.8738126918510667 8.713973876955927e-10
2.90216311322689 8.497534359086438e-10
2.907123377272578 8.448584078605985e-10
2.940820170587064 8.123141011653854e-10
2.9749075472144404 7.819397891068234e-10
3.009390034449721 7.535906869925575e-10
3.044272212064303 7.271316745381438e-10
3.079558712914227 7.024366505770188e-10
3.1152542235554876 6.79387930864815e-10
3.1513634848664793 6.578756860996866e-10
3.1878912926776457 6.377974174725531e-10
3.224842498408442 6.190574672406068e-10
3.23597937257106 6.135907273413163e-10
3.2622220097116696 5.96938624611768e-10
3.3000347911252854 5.743301113904116e-10
3.338285864731761 5.532283193761983e-10
3.376980310825091 5.335327529861172e-10
3.4161232685855283 5.151496231772066e-10
3.455719936762139 4.979913997228726e-10
3.495775574363275 4.819763933863382e-10
3.536295501355043 4.67028365994479e-10
3.5772850993678733 4.5307616654868014e-10
3.608653508903214 4.430621457583887e-10
3.6187498124112802 4.3889536317637775e-10
3.6606951475969023 4.2206162183196876e-10
3.7031266758699264 4.063491038121183e-10
3.7460500327489927 3.916830544350301e-10
3.7894709190746676 3.7799370644924025e-10
3.8333951017666017 3.652159471349186e-10
3.8778284145894575 3.5328900763213326e-10
3.9227767589277196 3.421561730117184e-10
3.968246104569482 3.317645117035345e-10
4.0142424904993215 3.2206462298942807e-10
4.024662733841005 3.199267137797384e-10
4.060772025700365 3.1034840696177054e-10
4.1078408899656464 2.9864392237857057e-10
4.155455334718876 2.877184040792705e-10
4.203621683844713 2.775199442315806e-10
4.252346334528681 2.680000969066363e-10
4.301635758106794 2.591136470615949e-10
4.35149650092505 2.508183949442551e-10
4.401935185208875 2.4307495488991324e-10
4.452958509942656 2.3584656754942754e-10
4.4892015521243 2.310129700083158e-10
4.504573251759458 2.2836223467965575e-10
4.556786265841064 2.1963894734126522e-10
4.609604486828434 2.1149570288904365e-10
4.663034929742731 2.0389387221489487e-10
4.717084690917017 1.9679740147472565e-10
4.771760948938746 1.9017264028436975e-10
4.827070965603183 1.8398818138253325e-10
4.8830220868778795 1.7821471099515056e-10
4.9396217438783205 1.728248691866738e-10
4.996877453854884 1.677931195315266e-10
5.008354815629387 1.6681005372000558e-10
5.05479682119124 1.6166599544749708e-10
5.113387538414326 1.5559260310317823e-10
5.172657387216018 1.4992255569393789e-10
5.2326142394866615 1.4462901385470728e-10
5.293266058360561 1.3968692650841566e-10
5.354620899273607 1.350729116084124e-10
5.4166869110331515 1.3076514483868927e-10
5.479472336900287 1.2674325574068054e-10
5.542985515684668 1.2298823077089343e-10
5.5886032847713905 1.204503540258779e-10
5.607234882852032 1.1910974081108168e-10
5.672228971644543 1.1457651467298154e-10
5.737976414214134 1.1034393355259465e-10
5.804485942768977 1.0639201042563025e-10
5.871766390733256 1.027020891600304e-10
5.939826693920357 9.925675579855336e-11
6.008675891719687 9.603975575959862e-11
6.07832312829723 9.303591656127702e-11
6.148777653810023 9.023107570010528e-11
6.220048825634711 8.761201334031107e-11
6.237899586108213 8.697490026177835e-11
6.292146109610343 8.447031834516784e-11
6.365079081295571 8.13076476480333e-11
6.4388574272404195 7.835432670492931e-11
6.513490946272802 7.559645561066883e-11
6.588989550799949 7.302105922843719e-11
6.6653632681249135 7.061602558042008e-11
6.742622241778341 6.837004834671327e-11
6.820776732865685 6.627257319839164e-11
6.899837121430018 6.431374770891543e-11
6.9650889714138735 6.280291441834247e-11
6.97981390783066 6.236177297227165e-11
7.060717714137772 5.999568564637998e-11
7.142559285543126 5.778588507334115e-11
7.225349491787214 5.5722009304717575e-11
7.309099328602911 5.379438511577329e-11
7.393819919175865 5.1993982151502696e-11
7.479522515621821 5.031237012898645e-11
7.566218500481055 4.874167889220527e-11
7.653919388230148 4.727456112904632e-11
7.74263682681127 4.5904157572935665e-11
7.780089334388408 4.5348785081285915e-11
7.832382599179196 4.4345129457573755e-11
7.923168624866254 4.2689136355452623e-11
8.015006961565405 4.1142203834633114e-11
8.107909806731687 3.969711532350452e-11
8.201889499202203 3.83471332755995e-11
8.296958520834906 3.708596730553535e-11
8.393129498166363 3.59077444475209e-11
8.490415204088746 3.480698139490182e-11
8.588828559546249 3.377855858866114e-11
8.688382635251184 3.2817696031603234e-11
8.695995258737067 3.2745491628777315e-11
8.789090653419954 3.1602183568002973e-11
8.890965989529159 3.044049216543014e-11
8.994022174092045 2.9355023929403016e-11
9.098272894455558 2.834074761838952e-11
9.20373199661822 2.7392965401497205e-11
9.310413487069075 2.650729070541579e-11
9.418331534647951 2.5679627535922202e-11
9.52750047242729 2.4906151175679454e-11
9.637934799615785 2.4183290166614338e-11
9.725732375243467 2.364489412645407e-11
9.749649183484086 2.3454908994831825e-11
9.862658461312822 2.258047149568187e-11
9.9769776423632 2.176317145429238e-11
10.092621909870484 2.0999247817937273e-11
10.209606623060475 2.028518830919035e-11
10.327947319189525 1.9617712917095665e-11
10.447659715608053 1.899375848627426e-11
10.568759711848053 1.8410464330838945e-11
10.691263391734772 1.796096327499991e-11
10.815187025522892 1.7392110438585217e-11
10.887289470325868 1.7073526474706887e-11
10.940547072057434 1.6803710996362634e-11
11.067360180959744 1.618651946341933e-11
11.195643194838794 1.598601620798752e-11
11.325413151528128 1.5408866056276483e-11
11.456687286348727 1.4863433273818508e-11
11.58948303439812 1.4347102717236378e-11
11.723818032865998 1.3857372602424867e-11
11.859710123376706 1.3613002950691615e-11
11.997177354358856 1.3214845019084518e-11
12.136237983442419 1.2840674404550498e-11
12.276910479883604 1.2488785735936434e-11
12.343757793608649 1.2328467394420633e-11
12.419213527017845 1.2085796362665145e-11
12.563166024741214 1.1683326300753026e-11
12.708787092020593 1.1292792619106916e-11
12.856096069432965 1.0926269286256688e-11
13.005112521734098 1.0582098410254752e-11
13.155856240457052 1.0258723920825528e-11
13.30834724654076 9.954684293976847e-12
13.462605792989109 9.66860571751826e-12
13.618652367560827 9.399195665629459e-12
13.77650769549055 9.145236852738587e-12
13.936192742241435 8.905581539146927e-12
13.938518131593314 8.902150854450357e-12
14.097728716289675 8.60879187367102e-12
14.261137071941295 8.328999509822805e-12
14.426439512181588 8.06604994080748e-12
14.593657991557576 7.818767210080934e-12
14.76281471909391 7.586045826144638e-12
14.933932161242533 7.366845647475459e-12
15.107033044866558 7.160187077805488e-12
15.282140360258708 6.965146551575654e-12
15.459277364194786 6.780852291568292e-12
15.638467583022479 6.606480322982321e-12
15.819734815786015 6.4412507307319455e-12
15.834531008764706 6.428073117284319e-12
16.00310313738702 6.244053406686698e-12
16.18859690178199 6.05498276783585e-12
16.37624074521689 5.876993118960449e-12
16.56605958949915 5.709301169083764e-12
16.758078645307688 5.551169582335661e-12
16.952323415541212 5.40190372231097e-12
17.148819698705406 5.260848628656954e-12
17.347593592339322 5.1273862208999956e-12
17.54867149648152 5.0009327278914415e-12
17.75208011717636 4.880936345165544e-12
17.957846470020968 4.76687512704948e-12
18.165997883753285 4.658255125709765e-12
18.19898174990334 4.6415888336127725e-12
18.37656200388172 4.535213465410587e-12
18.58956679635688 4.415802364635172e-12
18.80504055128583 4.303386288596148e-12
19.02301188668946 4.197491583333967e-12
19.24350975230332 4.097675649690217e-12
19.466563433422632 4.003525554095291e-12
19.692202554791734 3.91465690243352e-12
19.92045708453871 3.830712996513218e-12
20.151357338155584 3.751364297746997e-12
20.38493398252464 3.676308227805628e-12
20.621218039991444 3.6052693409058783e-12
20.86024089248505 3.537999906431624e-12
21.102034285685964 3.474280942868946e-12
21.346630333242455 3.4139237432206953e-12
21.594061521035677 3.3567719262669672e-12
21.61790380464502 3.3516026509388475e-12
21.844360711494282 3.2976109619461297e-12
22.09756114795903 3.242548532137833e-12
22.353696459097964 3.1920406030696246e-12
22.612800663372795 3.145969610113663e-12
22.874908173557042 3.104251663895425e-12
23.140053801306543 3.0668379181946436e-12
23.408272761782943 3.0337160424336403e-12
23.679600678330786 3.0049116742758172e-12
23.95407358720879 2.980489675089299e-12
24.231727942376008 2.9605549482955135e-12
24.5126006203334 2.9452525116609053e-12
24.796728925021597 2.9347664474853055e-12
25.08415059277541 2.9293173034817833e-12
25.374903797335715 2.9291575032196872e-12
25.66902715491952 2.9345643766187816e-12
25.966559729348724 2.9458305703976573e-12
26.267541037238384 2.9632518743811956e-12
26.572011053245067 2.9871129147195007e-12
26.880010215376075 3.0176716987860355e-12
27.19157943036019 3.0551445787558237e-12
27.50676007908067 3.099693705310924e-12
27.825594022071257 3.1514193010476876e-12
28.148123605075813 3.210358926685584e-12
28.474391664672478 3.276495240607942e-12
28.80444153396298 3.349772597250764e-12
28.812296066086724 3.3516026509388475e-12
29.138317048327885 3.433351114074201e-12
29.47606255124859 3.523901028318279e-12
29.817722900196735 3.621451071319583e-12
30.163343472591972 3.726239537643776e-12
30.51297017182871 3.83863986415169e-12
30.86664943337275 3.959162186685245e-12
31.22442823092858 4.088452799617499e-12
31.58635408267819 4.227294095167335e-12
31.95247505759214 4.376607110889831e-12
32.322839781813805 4.537458221852362e-12
32.5511191903732 4.6415888336127725e-12
32.697497445117676 4.715414712208542e-12
33.07649780744242 4.9161189221827776e-12
33.459891205499744 5.135619244982074e-12
33.847728559459824 5.3763587402075096e-12
34.24006137971426 5.641174250678479e-12
34.63694177371734 5.9333713060542465e-12
35.03842245290676 6.256815537849247e-12
35.23801747228818 6.428073117284319e-12
35.44455673970435 6.643676218716939e-12
35.85539857459817 7.109650894333471e-12
36.271002523306485 7.641375131512358e-12
36.691423784024934 8.25100998165736e-12
37.08797296492856 8.902150854450357e-12
37.11671819475767 8.96826616562061e-12
37.546942240733365 1.0038435829768524e-11
37.98215306190736 1.133242414182665e-11
38.27242182282435 1.2328467394420633e-11
38.422408460550606 1.3237200484061372e-11
38.867766908926676 1.6415223818411285e-11
38.94901948379742 1.7073526474706887e-11
39.264026557406744 2.3644894126454073e-11
39.3182875570577 3.068062556942999e-11
39.33406809801911 3.2745491628777315e-11
39.3182875570577 3.489596027768286e-11
39.25202768030674 4.5348785081285915e-11
39.07075576126276 6.280291441834247e-11
38.867766908926676 8.098120840203564e-11
38.80673226691218 8.697490026177835e-11
38.47115821183028 1.2045035402587787e-10
38.42240846055061 1.2560946899231354e-10
38.05615731150087 1.6681005372000558e-10
37.98215306190736 1.7582637691807171e-10
37.547534002765424 2.310129700083158e-10
37.546942240733365 2.3109739815444526e-10
37.11671819475767 2.9557119705004394e-10
36.95774311399349 3.199267137797384e-10
36.691423784024934 3.6737998745139613e-10
36.271002523306485 4.4153757290652417e-10
36.262811104406005 4.4306214575838866e-10
35.85539857459817 5.34935695647953e-10
35.49042668755049 6.135907273413163e-10
35.44455673970435 6.264014994327771e-10
35.03842245290676 7.425158423168087e-10
34.63694177371734 8.491412904551822e-10
34.63475598271909 8.497534359086438e-10
34.240061379714255 9.987558442649164e-10
33.847728559459824 1.1336079414162588e-09
33.722991021620295 1.1768119524349943e-09
33.459891205499744 1.3084462519905845e-09
33.07649780744242 1.4875026424239077e-09
32.74564235856688 1.62975083462064e-09
32.697497445117676 1.6622240615319333e-09
32.322839781813805 1.915557487114656e-09
31.95247505759214 2.134867372916539e-09
31.73595547936408 2.257019719633917e-09
31.58635408267819 2.3978077693126404e-09
31.22442823092858 2.7209510900800714e-09
30.866649433372746 2.9967391395844386e-09
30.692663494137932 3.1257158496882354e-09
30.51297017182871 3.363634523653162e-09
30.163343472591972 3.789713039067769e-09
29.817722900196735 4.1466102933831545e-09
29.6308037088867 4.328761281083061e-09
29.476062551248585 4.619388454712617e-09
29.138317048327885 5.202618730717042e-09
28.80444153396298 5.679712116699511e-09
28.558290250083772 5.99484250318942e-09
28.47439166467248 6.220177768028417e-09
28.14812360507581 7.053699339279128e-09
27.825594022071257 7.716024971524985e-09
27.506760079080674 8.261226377240214e-09
27.483756370897133 8.302175681319736e-09
27.19157943036019 9.43717827948051e-09
26.880010215376075 1.0398587900804247e-08
26.572011053245063 1.1164643884852555e-08
26.42933971619652 1.1497569953977357e-08
26.267541037238384 1.2407035492426569e-08
25.966559729348724 1.3877969940149655e-08
25.66902715491952 1.500581452505036e-08
25.374903797335715 1.5906650192143332e-08
25.369917067893677 1.5922827933410936e-08
25.08415059277541 1.8259738700347125e-08
24.7967289250216 2.0015723637651412e-08
24.512600620333394 2.1359502758325765e-08
24.349063052036037 2.205130739903041e-08
24.231727942376008 2.3455129042066696e-08
23.954073587208793 2.6374265822721497e-08
23.679600678330786 2.850260564008892e-08
23.408272761782943 3.0126635572936694e-08
23.338100593064915 3.053855508833412e-08
23.140053801306543 3.400392483688041e-08
22.874908173557042 3.762117839271145e-08
22.612800663372795 4.023799306090537e-08
22.353696459097964 4.222667906532505e-08
22.345619746911805 4.229242874389499e-08
22.09756114795903 4.865069133250568e-08
21.844360711494282 5.32010360289273e-08
21.594061521035677 5.64625049428503e-08
21.393124422505444 5.857020818056673e-08
21.34663033324246 6.033694890807545e-08
21.102034285685964 6.895990777796773e-08
20.86024089248505 7.476910580268136e-08
20.621218039991444 7.888762085458375e-08
20.467563763058457 8.111308307896854e-08
20.38493398252464 8.573293764772302e-08
20.151357338155584 9.708099657274395e-08
19.92045708453871 1.0460661482061793e-07
19.692202554791734 1.0987431084534567e-07
19.569107037875252 1.1233240329780263e-07
19.466563433422632 1.2077896846081725e-07
19.24350975230332 1.3596202214841122e-07
19.023011886689456 1.4585556591864714e-07
18.805040551285828 1.526790910938178e-07
18.69994532205855 1.5556761439304723e-07
18.58956679635688 1.6897863839878674e-07
18.376562003881723 1.896375806865866e-07
18.165997883753285 2.0284004963009264e-07
17.957846470020968 2.1179271258557588e-07
17.861153383922385 2.1544346900318777e-07
17.75208011717636 2.3501348128481751e-07
17.54867149648152 2.6361354332885996e-07
17.347593592339322 2.8150469607503713e-07
17.148819698705406 2.9340588877648044e-07
17.053003117429505 2.9836472402833343e-07
16.952323415541212 3.250679685366675e-07
16.758078645307688 3.653754315170024e-07
16.56605958949915 3.900107234150257e-07
16.37624074521689 4.060488352656332e-07
16.275174157841228 4.1320124001153343e-07
16.18859690178199 4.4717891732115455e-07
16.00310313738702 5.050490805056723e-07
15.819734815786013 5.395420482932954e-07
15.638467583022479 5.614678522249961e-07
15.526890708708851 5.72236765935022e-07
15.459277364194786 6.115349934959124e-07
15.282140360258708 6.962376439559254e-07
15.107033044866554 7.453876290499815e-07
14.933932161242533 7.758237544148714e-07
14.807002324534574 7.924828983539152e-07
14.762814719093912 8.305490393537679e-07
14.593657991557576 9.570388475376066e-07
14.426439512181588 1.0283797081367478e-06
14.261137071941297 1.0713245874040605e-06
14.1140181227831 1.0974987654930544e-06
14.097728716289676 1.1183126198641245e-06
13.936192742241435 1.3111917700865065e-06
13.776507695490547 1.4167758813325182e-06
13.618652367560827 1.478439150827273e-06
13.462605792989109 1.5174609914591792e-06
13.453463664839926 1.519911082952933e-06
13.308347246540762 1.789174037200631e-06
13.155856240457052 1.9486642349098465e-06
13.005112521734098 2.0388771276221993e-06
12.856096069432963 2.0941395732141565e-06
12.826411662056326 2.104904144512022e-06
12.708787092020595 2.4287866583237555e-06
12.563166024741214 2.674919298992671e-06
12.419213527017845 2.8095608089175166e-06
12.276910479883604 2.8892190970199975e-06
12.224070102889614 2.91505306282517e-06
12.136237983442419 3.274154626625439e-06
11.997177354358856 3.6625865774151184e-06
11.859710123376706 3.867838044526713e-06
11.723818032865998 3.9848971778787645e-06
11.644435533651624 4.037017258596549e-06
11.58948303439812 4.370777436304066e-06
11.456687286348727 4.99820606073715e-06
11.325413151528128 5.3181614713632194e-06
11.195643194838794 5.493808059438132e-06
11.085164549265196 5.5908101825122235e-06
11.067360180959744 5.751514820805014e-06
10.940547072057434 6.7897464164917545e-06
10.815187025522892 7.300306744455423e-06
10.691263391734772 7.5698210975065525e-06
10.56875971184805 7.725826249755307e-06
10.556131224178367 7.742636826811277e-06
10.447659715608053 9.163964561990669e-06
10.327947319189525 9.998748818821893e-06
10.209606623060475 1.0422211965050834e-05
10.092621909870484 1.0656739601198125e-05
10.055490123706214 1.0722672220103209e-05
9.9769776423632 1.2251937471446997e-05
9.86265846131282 1.36516794219827e-05
9.749649183484086 1.433377612213702e-05
9.637934799615785 1.4694915969757377e-05
9.572281236539496 1.4849682622544634e-05
9.52750047242729 1.614659105486969e-05
9.418331534647951 1.855549264250865e-05
9.310413487069075 1.968294319985527e-05
9.20373199661822 2.025346702585782e-05
9.10364056745194 2.0565123083486515e-05
9.09827289445556 2.0796302077175352e-05
8.994022174092045 2.5054526794386997e-05
8.890965989529159 2.6968456023256486e-05
8.789090653419954 2.7894317386600546e-05
8.688382635251184 2.8388324781584436e-05
8.668993965456938 2.848035868435793e-05
8.588828559546249 3.349222967385864e-05
8.490415204088746 3.683140638293663e-05
8.393129498166363 3.83763545395311e-05
8.296958520834906 3.9158871902196384e-05
8.251652015720333 3.944206059437648e-05
8.201889499202203 4.406906235592052e-05
8.107909806731687 5.006043994768892e-05
8.015006961565405 5.2713125345077825e-05
7.923168624866254 5.398977715866294e-05
7.8458250081349075 5.462277217684337e-05
7.832382599179197 5.648172445132848e-05
7.742636826811271 6.754502211677668e-05
7.653919388230149 7.223416076705367e-05
7.566218500481055 7.438140822134406e-05
7.479522515621821 7.547424317785026e-05
7.4657821840642855 7.56463327554629e-05
7.393819919175866 9.009305760399242e-05
7.30909932860291 9.863065818857605e-05
7.225349491787214 0.00010235590584710492
7.142559285543126 0.00010414405015902535
7.104772351500982 0.00010476157527896618
7.060717714137772 0.00011791530590296677
6.97981390783066 0.00013393394098131436
6.899837121430018 0.00014060207858708032
6.820776732865685 0.00014362836819499842
6.75213800738703 0.00014508287784959373
6.742622241778341 0.00014930804583082426
6.6653632681249135 0.00018029792994814407
6.588989550799949 0.00019261467388390397
6.513490946272802 0.0001979138593881297
6.438857427240419 0.0002004579141241719
6.424566245793871 0.0002009233002565046
6.365079081295571 0.0002392718330349777
6.292146109610344 0.0002627526838963854
6.220048825634711 0.00027235209459759144
6.148777653810023 0.00027667653958259557
6.111229774119234 0.0002782559402207126
6.07832312829723 0.000309799684348966
6.008675891719687 0.00035601775159418563
5.939826693920357 0.0003740020090334335
5.871766390733256 0.0003816359840554627
5.804485942768978 0.0003853122838685622
5.803859277260399 0.00038535285937105196
5.737976414214134 0.00047705009101491633
5.672228971644544 0.0005118886164949497
5.607234882852032 0.0005258753279876079
5.542985515684668 0.0005321396140068012
5.5246147005252215 0.0005336699231206301
5.479472336900287 0.0006270854952005124
5.4166869110331515 0.0006968694921816298
5.354620899273607 0.0007234428028455483
5.293266058360561 0.0007345779114115227
5.251028107880412 0.0007390722033525775
5.2326142394866615 0.0007957098019671024
5.172657387216018 0.0009402972289011814
5.113387538414326 0.0009926101909772298
5.05479682119124 0.0010132326387449586
4.996877453854884 0.001022429543023639
4.990184134257095 0.0010235310218990267
4.9396217438783205 0.001249388243706311
4.8830220868778795 0.0013560541720969428
4.827070965603183 0.001395782584923835
4.771760948938746 0.0014122245090549758
4.746676373657534 0.001417474162926802
4.717084690917017 0.001613907373956914
4.663034929742731 0.001839181917040942
4.609604486828434 0.0019186764707495247
4.556786265841064 0.0019494411213276741
4.505283171876889 0.0019630406500402682
4.504573251759458 0.001970040949003694
4.452958509942656 0.0024630879806192617
4.401935185208875 0.002628141482677109
4.35149650092505 0.0026882345690819897
4.301635758106794 0.0027128057253975545
4.287549313403925 0.0027185882427329397
4.252346334528681 0.003222849013688024
4.203621683844713 0.003578328889721655
4.155455334718876 0.00370057718478099
4.1078408899656464 0.003747006207473722
4.073055560804427 0.0037649358067924563
4.060772025700365 0.00402623933600169
4.0142424904993215 0.004820624596937061
3.968246104569482 0.005079196663874465
3.9227767589277196 0.005171156102625701
3.8778284145894575 0.005208309255672477
3.870730796993754 0.005214008287999674
3.8333951017666017 0.006367907572307478
3.7894709190746676 0.006936096210928193
3.746050032748993 0.007126355168566554
3.703126675869927 0.0071972301895988616
3.67962190622361 0.007220809018385456
3.6606951475969023 0.008089249025604012
3.6187498124112802 0.0093863844495078
3.5772850993678733 0.009796538691361562
3.536295501355043 0.009938906153286482
3.495775574363275 0.009995729350051762
3.4930485053966343 0.01

