0.012739879325348263 0.01
0.012767507043192657 0.009926733038248939
0.01291549665014884 0.009543665848761445
0.013065201621247214 0.009186191464729623
0.01321664183946605 0.008852600025018906
0.013369837418249465 0.008541295904705717
0.013524808704178753 0.00825079008293022
0.013681576279674718 0.00797969302065454
0.013840160965731315 0.007726708014259621
0.014000583824680975 0.0074906249931897245
0.014162866162991988 0.007270314731977811
0.014200358323334768 0.007220809018385456
0.014327029534098309 0.007004648240526167
0.014493095741262165 0.006738949919760215
0.014661086840469847 0.006491002963644115
0.014831025143361043 0.006259621399489173
0.015002933220192183 0.006043698489711175
0.015176833902834055 0.005842201438115087
0.015352750287804228 0.00565416644985399
0.015530705739334601 0.0054786941214333435
0.015710723892474503 0.005314945138710078
0.01582815795496506 0.005214008287999674
0.01589282865622978 0.00514217142656458
0.016077044216738237 0.00494468707170954
0.016263395040481923 0.004760396690932809
0.016451905877536623 0.0045884187918475185
0.016642601764859034 0.0044279307747729256
0.016835508029612024 0.004278164998099351
0.017030650292528444 0.0041384051065269795
0.01722805447131394 0.004007982604615814
0.01742774678408919 0.003886273659257599
0.017629753752872058 0.0037726961157752746
0.017643784718148845 0.0037649358067924563
0.017834102207100078 0.003628899674047776
0.018040819287193827 0.0034919230188334024
0.018249932448161522 0.003364097804561556
0.018461469463245474 0.0032448126214031344
0.018675458427610758 0.003133496907957993
0.01889192776207666 0.003029618222162145
0.019110906216891377 0.002932679694526264
0.01933242287555045 0.0028422176515238975
0.01955650715865949 0.0027577993977616552
0.01966541956908448 0.0027185882427329397
0.019783188827841643 0.002663792310159363
0.02001249798969037 0.0025619823069464687
0.020244465099768037 0.0024669742526810716
0.020479120966650853 0.002378313707628322
0.020716496756020688 0.0022955765932745984
0.02095662399480433 0.0022183671638874346
0.02119953457536071 0.0021463161135959986
0.021445260759716672 0.002079078809937943
0.02169383518385184 0.002016333645423402
0.021921238642688114 0.0019630406500402682
0.021945290862033135 0.001955755938873549
0.022199661191199548 0.0018800840890686873
0.022456979955397742 0.0018094678922647052
0.02271728133026905 0.001743569579155451
0.022980599887588514 0.0016820739468781116
0.02324697059985648 0.001624686851344039
0.023516428844943486 0.0015711338002972798
0.023789010410788933 0.0015211586403711945
0.024064751500154243 0.001474522331863123
0.024343688735431104 0.0014310018053666196
0.024433393035509048 0.001417474162926802
0.024625859163505466 0.0013799641442218667
0.024911300260677883 0.0013274775696265626
0.02520004993764092 0.0012784976345714201
0.025492146544514226 0.0012327900596901822
0.02578762887593801 0.0011901362178735543
0.02608653617622548 0.0011503320885383915
0.0263889081445751 0.0011131872817623904
0.026694784940343205 0.0010785241276165653
0.027004207188377725 0.0010461768263396326
0.02723490214889024 0.0010235310218990267
0.027317215984413765 0.0010130884709460808
0.027633852900531698 0.0009740770162190371
0.02795415999067856 0.0009376719252381961
0.02827817979625341 0.0009036990662668256
0.02860595535175742 0.0008719959413483768
0.0289375301905095 0.000842410909051015
0.02927294835042816 0.0008148024591407624
0.029612254379880344 0.0007890385357138907
0.029955493343598136 0.0007649959055509995
0.030302710828663964 0.0007425595686714909
0.030357920100755786 0.0007390722033525775
0.030653952950565274 0.0007149059429804943
0.03100926635931927 0.000687847297858738
0.031368698245668764 0.0006625964466007634
0.03173229634734976 0.0006390326101035002
0.032100108955431715 0.0006170430785425373
0.03247218492073129 0.0005965226722618069
0.03284857366030043 0.0005773732386813533
0.033229325163989715 0.000559503182816804
0.03361449000108764 0.0005428270291649455
0.03383719606442618 0.0005336699231206301
0.034004119327037056 0.0005247998501904286
0.03439826489022925 0.0005046880944590686
0.034796979038876914 0.0004859200093584266
0.03520031472796679 0.0004684058239631209
0.035608325526292776 0.0004520617649630636
0.0360210656235707 0.00043680965596144426
0.03643858983763544 0.00042257654354370833
0.03686095362172158 0.0004092943483289481
0.037288213071828336 0.000396899539334633
0.03771962301933479 0.00038535285937105196
0.03772042493416997 0.0003853251211025263
0.03815764661271248 0.0003703767476234458
0.038599936176797675 0.00035642707805841627
0.0390473523688556 0.00034340938878579737
0.03949995461220643 0.0003312614140036771
0.039957803018952694 0.000319925047901948
0.04042095839796308 0.0003093460667323317
0.040889482262948626 0.0002994738694469721
0.041363436840632754 0.00029026123566501657
0.041842885079015825 0.0002816640998095069
0.04204077204889954 0.0002782559402207126
0.04232789065573551 0.00027186524372849587
0.042818517986524134 0.0002614969355752535
0.043314832233764006 0.0002518213361675523
0.04381689931514192 0.00024279216548896035
0.044324785912403984 0.00023436623550092482
0.044838559480211884 0.00022650324356705183
0.04535828825510189 0.00021916557967875243
0.04588404126454759 0.00021231814656018954
0.046415888336127795 0.0002059281917920513
0.046862316101534615 0.0002009233002565046
0.0469539001068006 0.00019959637261876773
0.047498148032285026 0.00019188996642476665
0.04804870439655131 0.00018469842672317355
0.048605642321421366 0.0001779873551779945
0.04916903577628028 0.00017172465161338114
0.04973895958790065 0.00016588036047305123
0.050315489450380536 0.0001604265275377883
0.05089870193519682 0.00015533706621567768
0.05148867450137495 0.00015058763276552069
0.05208548550577663 0.00014615550985660046
0.05223417201356496 0.0001450828778495937
0.05268921421350674 0.00014084044471786566
0.0532999408084409 0.0001354952206420455
0.05391774640387503 0.00013050711197560577
0.05454271305329833 0.00012585225976692818
0.05517492376129126 0.00012150839908593108
0.05581446249454963 0.00011745475252714763
0.0564614141930367 0.00011367193082788655
0.05711586478126432 0.00011014184012611591
0.057777901179705035 0.00010684759541446745
0.05822212167593882 0.0001047615752789662
0.05844761131633635 0.00010339311988836888
0.05912508413831878 9.942019836268781e-05
0.05981040962380941 9.571270841936326e-05
0.06050367879391222 9.225291652331035e-05
0.061204983724767 8.902427392054352e-05
0.061914417559778445 8.601133748269943e-05
0.0626320745219869 8.319969583995548e-05
0.0633580499265825 8.057590044902373e-05
0.06409244019356454 7.812740126650672e-05
0.06483534286054723 7.584248671993124e-05
0.06490025733092224 7.56463327554629e-05
0.06558685659571431 7.296504723578794e-05
0.06634708121092346 7.020939693006681e-05
0.06711611767496282 6.76378520653156e-05
0.06789406812696108 6.523811252332184e-05
0.06868103588995304 6.299869995920424e-05
0.06947712548460236 6.0908902898565776e-05
0.07028244264308349 5.895872550271719e-05
0.07109709432312435 5.7138839756907845e-05
0.07192118872221188 5.54405408528703e-05
0.07233694062190339 5.462277217684337e-05
0.07275483529196228 5.356047206251658e-05
0.07359814475265766 5.151229128856561e-05
0.07445122910795139 4.960094977039566e-05
0.07531420165974372 4.781730525371035e-05
0.07618717702322995 4.6152826279966934e-05
0.07707027114212299 4.459955137898816e-05
0.07796360130405232 4.315005098792384e-05
0.07886728615614151 4.1797391914415315e-05
0.07978144572076624 4.053510417398288e-05
0.08063513657314532 3.9442060594376474e-05
0.08070620141149502 3.932446912900773e-05
0.08164167604921467 3.780212604960366e-05
0.08258799387844268 3.638149090397413e-05
0.08354528058382865 3.5055768568818514e-05
0.08451366330684718 3.381861790426123e-05
0.08549327066268379 3.2664121423129775e-05
0.08648423275731722 3.1586756986634135e-05
0.08748668120479909 3.058137139106421e-05
0.08850074914473434 2.964315571916509e-05
0.08952657125996397 2.876762233829212e-05
0.08987523620759405 2.848035868435793e-05
0.0905642837944529 2.774668016206909e-05
0.09161402457138516 2.669077015569736e-05
0.09267593301146879 2.5705405602580933e-05
0.09375015015145285 2.4785873350976378e-05
0.09483681866285923 2.3927775135609927e-05
0.09593608287093142 2.3127006540052863e-05
0.09704808877380303 2.237973736462488e-05
0.09817298406188835 2.1682393305921807e-05
0.09931091813749796 2.1031638860337698e-05
0.10018078628600845 2.0565123083486515e-05
0.10046204213468131 2.0370184104596504e-05
0.10162650893929953 1.9585361746167404e-05
0.10280447320933098 1.8852973424878974e-05
0.10399609139541202 1.8169516016314403e-05
0.1052015217616159 1.7531720440347867e-05
0.10642092440647244 1.6936536024603378e-05
0.10765446128423159 1.6381115912593893e-05
0.10890229622637304 1.5862803446745622e-05
0.11016459496336568 1.5379119461174957e-05
0.11144152514667881 1.4927750423437587e-05
0.1116677413158893 1.4849682622544634e-05
0.1127332563710487 1.437446543685072e-05
0.1140399601970033 1.3830105663148419e-05
0.11536181017364786 1.3322114582058541e-05
0.11669898186171473 1.2848062397795301e-05
0.11805165285688055 1.2405681649564756e-05
0.11942000281335324 1.1992856365936786e-05
0.1208042134677329 1.1607611943815586e-05
0.12220446866314887 1.124810570359799e-05
0.12362095437367691 1.0912618075343349e-05
0.12446650802311413 1.0722672220103209e-05
0.12505385872903912 1.0552154143814856e-05
0.1265033720395904 1.0147549548780446e-05
0.12796968682159415 9.769976580188616e-06
0.1294529978227916 9.417629253360886e-06
0.13095350204826675 9.088822241666825e-06
0.13247139878661174 8.781982815341305e-06
0.13400688963639507 8.495643318870887e-06
0.1355601785329369 8.228434150967289e-06
0.13713147177539456 7.979077213550115e-06
0.13872097805416211 7.746379798404132e-06
0.13874687167054459 7.742636826811277e-06
0.1403289084785873 7.447091072868996e-06
0.14195547660501012 7.1664534342433096e-06
0.14360089846512605 6.90456517391494e-06
0.1452653925946781 6.6601736455314016e-06
0.1469491800624817 6.432109892153717e-06
0.14865248449978571 6.219283054955459e-06
0.15037553212997384 6.0206751554776076e-06
0.15211855179861047 5.835336226481723e-06
0.15388177500383463 5.662379768111649e-06
0.1546423894758652 5.590810182512223e-06
0.1556654359271062 5.466403520248064e-06
0.15746977146430866 5.257814614489432e-06
0.1592950212572123 5.0631615021090466e-06
0.161141427725302 4.881513133129862e-06
0.1630092360979741 4.712000661076013e-06
0.16489869444710648 4.553813287149919e-06
0.1668100537200059 4.406194382060535e-06
0.16874356777273758 4.268437866952849e-06
0.17069949340384077 4.139884836127992e-06
0.17237897273276173 4.037017258596549e-06
0.1726780903884356 4.0133400596108e-06
0.17467962151272456 3.858302536666934e-06
0.17670435260889467 3.713623033734151e-06
0.17875255259042355 3.578609532387168e-06
0.1808244934877952 3.4526162479630137e-06
0.18292045048462938 3.3350405406794068e-06
0.18504070195423022 3.2253200331217406e-06
0.18718552949655792 3.1229299203111405e-06
0.18935521797562951 3.0273804594871866e-06
0.1915500555573528 2.9382146275986095e-06
0.19213772006069824 2.91505306282517e-06
0.19377033374779887 2.8318946142704636e-06
0.19601634743191856 2.7243588130603944e-06
0.1982883949127071 2.6240074401359442e-06
0.2005867779508234 2.5303605050475344e-06
0.2029118018046678 2.4429700854889717e-06
0.2052637752709252 2.3614181848232587e-06
0.2076430107255775 2.285314732747293e-06
0.21004982416539153 2.2142957195324017e-06
0.21248453524988828 2.1480214549164377e-06
0.21416517169788996 2.104904144512022e-06
0.21494746734379805 2.0789663290333456e-06
0.21743894756000798 1.9990381997045095e-06
0.21995930680300746 1.924450029189544e-06
0.22250887981283693 1.854845056222632e-06
0.22508800520954617 1.789890354722388e-06
0.227697025538168 1.7292752413630118e-06
0.23033628731421313 1.6727097895357557e-06
0.23300614106969247 1.6199234425927378e-06
0.2357069413996728 1.5706637197400246e-06
0.23843904700937205 1.524695008390092e-06
0.23872882980654986 1.519911082952933e-06
0.24120282076180072 1.4671280143818267e-06
0.24399862972595504 1.4116887793744564e-06
0.24682684522556925 1.359953401869935e-06
0.2496878428884327 1.3116744285753214e-06
0.25258200269627845 1.2666209385063095e-06
0.2555097090352507 1.2245774384645158e-06
0.2584713507469564 1.1853428323079929e-06
0.2614673211801092 1.1487294590847977e-06
0.26449801824277197 1.1145621954289005e-06
0.2660858915055949 1.0974987654930544e-06
0.2675638444552045 1.0769731602176973e-06
0.2706652070033241 1.0357667020309917e-06
0.27380251779278575 9.973132105845176e-07
0.27697619350368907 9.614287616203124e-07
0.28018665564591955 9.279417188084497e-07
0.28343433061513096 8.966919127919787e-07
0.28671964974937697 8.675298750798712e-07
0.29004304938639913 8.403161231235663e-07
0.2934049709215787 8.149204931575571e-07
0.29661262551063056 7.924828983539153e-07
0.29680586086656024 7.907360293564977e-07
0.30024617090855493 7.601083345496811e-07
0.30372635797033115 7.315268408252138e-07
0.30724688427090036 7.048548429226739e-07
0.3108082173869064 6.79964768805658e-07
0.3144108303147265 6.567375694728617e-07
0.318055201533292 6.350621495358388e-07
0.32174181506763716 6.14834835839832e-07
0.3254711605531848 5.959588815860023e-07
0.3292437333007769 5.783440035832181e-07
0.3306005585356851 5.72236765935022e-07
0.33306003436245885 5.579297603173618e-07
0.3369205705980267 5.366858097935983e-07
0.34082585474234517 5.168611355955777e-07
0.3447764054734464 4.983609172083828e-07
0.34877274748141773 4.810966690225461e-07
0.35281541153808826 4.64985817100939e-07
0.356904934567523 4.4995130422181315e-07
0.36104185971733377 4.3592122130885694e-07
0.36522673643081754 4.228284634853606e-07
0.3685125534146999 4.132012400115335e-07
0.36946012051993027 4.0961323360173337e-07
0.3737425742391064 3.938230515904317e-07
0.3780746663599349 3.7908778153200386e-07
0.3824569722466999 3.6533694603672026e-07
0.3868900739327975 3.5250477625693445e-07
0.39137456019803835 3.4052989731139386e-07
0.39591102664684585 3.2935503472628524e-07
0.4005000757873611 3.189267404888877e-07
0.4051423171114647 3.0919513740351726e-07
0.40983836717572614 3.0011368052698934e-07
0.4107660320310148 2.9836472402833343e-07
0.4145888496832911 2.890502698325596e-07
0.41939439556671865 2.780978010507533e-07
0.4242556430717777 2.678770397634372e-07
0.4291732378422157 2.5833910175230967e-07
0.43414783300550924 2.4943836870509844e-07
0.4391800892596086 2.4113227002232654e-07
0.4442706749606883 2.3338107920149345e-07
0.4494202662119142 2.261477238247627e-07
0.4546295469532399 2.1939760824130404e-07
0.45785157634702883 2.1544346900318777e-07
0.4598992090522438 2.1219588150841418e-07
0.4652299523960189 2.040550593830738e-07
0.4706224849841281 1.9645810051078304e-07
0.47607752302263673 1.8936867047665477e-07
0.4815957910192351 1.8275286232170128e-07
0.48717802187946313 1.7657903436641512e-07
0.4928249570040514 1.7081765886927904e-07
0.4985373463873894 1.6544118079633334e-07
0.5043159487171359 1.6042388602627622e-07
0.5101615314749833 1.5574177836071743e-07
0.5103820823065849 1.5556761439304723e-07
0.5160748710385907 1.4975780882824878e-07
0.5220567527846975 1.4411105020864416e-07
0.528107971193433 1.3884152929842874e-07
0.5342293299538352 1.3392404381976693e-07
0.5404216420705914 1.2933507521702307e-07
0.546685729972018 1.2505267616904739e-07
0.55302242561929 1.2105636561669483e-07
0.5594325706169377 1.1732703080348699e-07
0.5659170163246242 1.1384683586087092e-07
0.5688632637205752 1.1233240329780263e-07
0.5724766239702178 1.0993202573269154e-07
0.5791122647641758 1.057348006222182e-07
0.5858248200152536 1.0181797156428479e-07
0.5926151812475551 9.816280620379707e-08
0.5994842503189408 9.475182365492036e-08
0.6064329395408061 9.156871089210011e-08
0.6134621717992506 8.859824472692797e-08
0.62057288067765 8.582621899766679e-08
0.62776601058065 8.323937662317963e-08
0.6341209821436579 8.111308307896855e-08
0.6350425168595962 8.071460019157679e-08
0.642403365939419 7.759477888436013e-08
0.6498495354469889 7.468337387191642e-08
0.6573820143409586 7.196646170046392e-08
0.6650018030431118 6.94310491054136e-08
0.6727099135712337 6.706501086701602e-08
0.6805073696735207 6.485703181780528e-08
0.6883952069645496 6.279655272446133e-08
0.6963744730628222 6.087371978524396e-08
0.7044462277299036 5.9079337501443876e-08
0.7068110537872381 5.857020818056674e-08
0.7126115430111747 5.695628447733067e-08
0.7208715033782136 5.479219010164368e-08
0.7292272058728313 5.2772662176426676e-08
0.7376797602527732 5.088804295837812e-08
0.7462302891391108 4.912931990535328e-08
0.7548799281653431 4.7488082571898045e-08
0.7636298261282242 4.595648238453275e-08
0.7724811451403399 4.452719510438977e-08
0.7814350607844541 4.3193385797666744e-08
0.7878642004451164 4.229242874389499e-08
0.7904927622696419 4.181637045642402e-08
0.7996554525892346 4.020773879128175e-08
0.8089243486805937 3.8706564452781115e-08
0.818300681586739 3.7305668900566836e-08
0.8277856966198472 3.5998353162302735e-08
0.8373806535266488 3.4778365795060166e-08
0.8470868266557403 3.3639872987148384e-08
0.8569055051268347 3.257743065738671e-08
0.8668379930019774 3.158595841837167e-08
0.8768856094587426 3.066071527920787e-08
0.8782403878197733 3.053855508833412e-08
0.8870496889654402 2.9511969126905566e-08
0.8973315814583519 2.8396080063306777e-08
0.9077326525210223 2.73547300696779e-08
0.9182542835656281 2.6382939792286676e-08
0.9288978720164498 2.5476062521297397e-08
0.9396648314954692 2.4629761968011476e-08
0.9505565920101191 2.3839991526759044e-08
0.9615746001432096 2.3102974922254205e-08
0.9727203192450538 2.241518814985355e-08
0.9789202305028202 2.205130739903041e-08
0.9839952296278227 2.166635776806534e-08
0.9954008287621519 2.083684797465522e-08
1.0069386314760271 2.0062745358131738e-08
1.0186101701559753 1.9340348718119567e-08
1.0304169949505875 1.8666204106800884e-08
1.042360673976401 1.803708831106358e-08
1.0544427935261684 1.7449993438159243e-08
1.0666649582795387 1.6902112531147396e-08
1.0790287915161836 1.6390826145327996e-08
1.0912796080822693 1.5922827933410936e-08
1.0915359353313911 1.5910172686710717e-08
1.1041880508541602 1.529352789736763e-08
1.1169868184678227 1.471806979654015e-08
1.1299339380332216 1.4181047209651022e-08
1.1430311291144786 1.3679892745415377e-08
1.1562801312073754 1.3212210518287068e-08
1.1696827039703845 1.2775764691123809e-08
1.183240627458378 1.2368468783274272e-08
1.1969557023590427 1.1988375692951301e-08
1.2108297502320393 1.1633668386171329e-08
1.2163669088021993 1.1497569953977357e-08
1.2248646137509307 1.1227629638768302e-08
1.2390621569479157 1.0799825172129762e-08
1.2534242654613994 1.0400592381759846e-08
1.2679528467864338 1.0028022839459943e-08
1.2826498305280598 9.68033559919576e-09
1.2975171686575868 9.35586868090195e-09
1.3125568357718427 9.053071123214373e-09
1.3277708293554291 8.770495567121636e-09
1.3431611700460153 8.50679133506694e-09
1.3559516411969053 8.302175681319736e-09
1.358729901902709 8.244733767521096e-09
1.3744790926775365 7.926682491659692e-09
1.3904108340900696 7.629871111592686e-09
1.4065272421052364 7.352880998493267e-09
1.422830457214352 7.094388283828625e-09
1.4393226447194065 6.853157529241931e-09
1.4560059950206488 6.6280358193130995e-09
1.472882723907502 6.41794724894751e-09
1.4899550728528537 6.221887779029031e-09
1.5072253093107555 6.0389204357352015e-09
1.5115079214739755 5.994842503189421e-09
1.524695727017573 5.81941663011744e-09
1.542368646296627 5.598737963003943e-09
1.560246414366368 5.392794865654448e-09
1.5783314056521167 5.200603212458616e-09
1.596626022101425 5.021244611197302e-09
1.6151326935030912 4.85386201211232e-09
1.633853877809862 4.6976556103023454e-09
1.6527920614648954 4.5518790218489794e-09
1.6719497597319901 4.4158357153867904e-09
1.6849491241783203 4.328761281083061e-09
1.6913295170296485 4.273524258570265e-09
1.7109339072690148 4.109438276148661e-09
1.7307655341957258 3.95630757600929e-09
1.7508270317357248 3.8134005636237146e-09
1.7711210643450885 3.680034507583202e-09
1.7916503273639015 3.555572275712648e-09
1.8124175473742379 3.4394192892153043e-09
1.8334254825622907 3.3310206802829608e-09
1.8546769230846993 3.2298586395793083e-09
1.8761746914391213 3.1354499409122612e-09
1.878433650485569 3.1257158496882354e-09
1.8979216428391013 3.0171792324888353e-09
1.9199206655932848 2.903307288284688e-09
1.9421746814890266 2.7970367413449535e-09
1.9646866461804469 2.697860029204206e-09
1.9874595495809837 2.6053034867654477e-09
2.0104964162604992 2.5189250821945053e-09
2.0338003058469822 2.4383123040534674e-09
2.0573743134329137 2.363080189570045e-09
2.0812215699863392 2.292869484614661e-09
2.094006249757355 2.257019719633917e-09
2.105345242766706 2.2159235031692096e-09
2.129748535745521 2.131235922552863e-09
2.1544346900318843 2.0522004699487858e-09
2.1794069843029558 1.978439789435346e-09
2.2046687352394096 1.9096017244386647e-09
2.2302232979659387 1.8453576346938045e-09
2.2560740664968617 1.7854008256260545e-09
2.2822244741868984 1.7294450826425849e-09
2.3086779941871693 1.6772233033264162e-09
2.3346955401080884 1.62975083462064e-09
2.335438139906479 1.627999488442382e-09
2.3625084654779474 1.565007921469941e-09
2.38989256623105 1.5062194647440149e-09
2.4175940791691306 1.4513535490780332e-09
2.4456166834524464 1.4001483393027265e-09
2.473964100886814 1.3523594831318382e-09
2.5026400964179194 1.3077589435943594e-09
2.5316484786313556 1.2661339094511594e-09
2.560993100258459 1.2272857783868229e-09
2.5906778586880086 1.19102920811546e-09
2.602793000075007 1.1768119524349943e-09
2.6207066964838526 1.1496394825344261e-09
2.651083601908539 1.1059036576649593e-09
2.6818126094530155 1.0650851384738408e-09
2.712897800372467 1.0269892301795098e-09
2.7443433032283653 9.914342361036782e-10
2.7761532944368006 9.582505896928331e-10
2.8083319988231725 9.272800445103019e-10
2.840883690183304 8.983749183267525e-10
2.8738126918510667 8.713973876955927e-10
2.90216311322689 8.497534359086438e-10
2.907123377272578 8.448584078605985e-10
2.940820170587064 8.123141011653854e-10
2.9749075472144404 7.819397891068234e-10
3.009390034449721 7.535906869925575e-10
3.044272212064303 7.271316745381438e-10
3.079558712914227 7.024366505770188e-10
3.1152542235554876 6.79387930864815e-10
3.1513634848664793 6.578756860996866e-10
3.1878912926776457 6.377974174725531e-10
3.224842498408442 6.190574672406068e-10
3.23597937257106 6.135907273413163e-10
3.2622220097116696 5.96938624611768e-10
3.3000347911252854 5.743301113904116e-10
3.338285864731761 5.532283193761983e-10
3.376980310825091 5.335327529861172e-10
3.4161232685855283 5.151496231772066e-10
3.455719936762139 4.979913997228726e-10
3.495775574363275 4.819763933863382e-10
3.536295501355043 4.67028365994479e-10
3.5772850993678733 4.5307616654868014e-10
3.608653508903214 4.430621457583887e-10
3.6187498124112802 4.3889536317637775e-10
3.6606951475969023 4.2206162183196876e-10
3.7031266758699264 4.063491038121183e-10
3.7460500327489927 3.916830544350301e-10
3.7894709190746676 3.7799370644924025e-10
3.8333951017666017 3.652159471349186e-10
3.8778284145894575 3.5328900763213326e-10
3.9227767589277196 3.421561730117184e-10
3.968246104569482 3.317645117035345e-10
4.0142424904993215 3.2206462298942807e-10
4.024662733841005 3.199267137797384e-10
4.060772025700365 3.1034840696177054e-10
4.1078408899656464 2.9864392237857057e-10
4.155455334718876 2.877184040792705e-10
4.203621683844713 2.775199442315806e-10
4.252346334528681 2.680000969066363e-10
4.301635758106794 2.591136470615949e-10
4.35149650092505 2.508183949442551e-10
4.401935185208875 2.4307495488991324e-10
4.452958509942656 2.3584656754942754e-10
4.4892015521243 2.310129700083158e-10
4.504573251759458 2.2836223467965575e-10
4.556786265841064 2.1963894734126522e-10
4.609604486828434 2.1149570288904365e-10
4.663034929742731 2.0389387221489487e-10
4.717084690917017 1.9679740147472565e-10
4.771760948938746 1.9017264028436975e-10
4.827070965603183 1.8398818138253325e-10
4.8830220868778795 1.7821471099515056e-10
4.9396217438783205 1.728248691866738e-10
4.996877453854884 1.677931195315266e-10
5.008354815629387 1.6681005372000558e-10
5.05479682119124 1.6166599544749708e-10
5.113387538414326 1.5559260310317823e-10
5.172657387216018 1.4992255569393789e-10
5.2326142394866615 1.4462901385470728e-10
5.293266058360561 1.3968692650841566e-10
5.354620899273607 1.350729116084124e-10
5.4166869110331515 1.3076514483868927e-10
5.479472336900287 1.2674325574068054e-10
5.542985515684668 1.2298823077089343e-10
5.5886032847713905 1.204503540258779e-10
5.607234882852032 1.1910974081108168e-10
5.672228971644543 1.1457651467298154e-10
5.737976414214134 1.1034393355259465e-10
5.804485942768977 1.0639201042563025e-10
5.871766390733256 1.027020891600304e-10
5.939826693920357 9.925675579855336e-11
6.008675891719687 9.603975575959862e-11
6.07832312829723 9.303591656127702e-11
6.148777653810023 9.023107570010528e-11
6.220048825634711 8.761201334031107e-11
6.237899586108213 8.697490026177835e-11
6.292146109610343 8.447031834516784e-11
6.365079081295571 8.13076476480333e-11
6.4388574272404195 7.835432670492931e-11
6.513490946272802 7.559645561066883e-11
6.588989550799949 7.302105922843719e-11
6.6653632681249135 7.061602558042008e-11
6.742622241778341 6.837004834671327e-11
6.820776732865685 6.627257319839164e-11
6.899837121430018 6.431374770891543e-11
6.9650889714138735 6.280291441834247e-11
6.97981390783066 6.236177297227165e-11
7.060717714137772 5.999568564637998e-11
7.142559285543126 5.778588507334115e-11
7.225349491787214 5.5722009304717575e-11
7.309099328602911 5.379438511577329e-11
7.393819919175865 5.1993982151502696e-11
7.479522515621821 5.031237012898645e-11
7.566218500481055 4.874167889220527e-11
7.653919388230148 4.727456112904632e-11
7.74263682681127 4.5904157572935665e-11
7.780089334388408 4.5348785081285915e-11
7.832382599179196 4.4345129457573755e-11
7.923168624866254 4.2689136355452623e-11
8.015006961565405 4.1145001357299184e-11
8.107909806731687 3.970711350632919e-11
8.201889499202203 3.836346528225078e-11
8.296958520834906 3.710784502296099e-11
8.393129498166363 3.5934452084470414e-11
8.490415204088746 3.483786957142516e-11
8.588828559546249 3.381303888025404e-11
8.688382635251184 3.2855235934293754e-11
8.700022549530164 3.2745491628777315e-11
8.789090653419954 3.165774283429363e-11
8.890965989529159 3.049902082816488e-11
8.994022174092045 2.941598022376264e-11
9.098272894455558 2.8403644341247336e-11
9.20373199661822 2.7457365263359808e-11
9.310413487069075 2.6572802048319672e-11
9.418331534647951 2.5745900389752867e-11
9.52750047242729 2.497287362739147e-11
9.637934799615785 2.425018501869842e-11
9.73730492017106 2.364489412645407e-11
9.749649183484086 2.354744945131946e-11
9.86265846131282 2.2672610476594642e-11
9.9769776423632 2.1854645101540715e-11
10.092621909870484 2.108982527102245e-11
10.209606623060475 2.0374668667323697e-11
10.327947319189525 1.970592245014679e-11
10.447659715608053 1.9080548075377606e-11
10.56875971184805 1.8658498933864916e-11
10.691263391734772 1.8061462328491866e-11
10.815187025522892 1.749457117176008e-11
10.911801357817291 1.7073526474706887e-11
10.940547072057434 1.692996952491329e-11
11.067360180959744 1.6313731747495294e-11
11.195643194838794 1.613474604373548e-11
11.325413151528128 1.555855516676028e-11
11.456687286348727 1.5013579969900358e-11
11.58948303439812 1.4497233469246263e-11
11.723818032865998 1.4007034052231246e-11
11.859710123376706 1.3757426043533677e-11
11.997177354358856 1.3358635604992244e-11
12.136237983442419 1.2983611590031849e-11
12.276910479883604 1.2630673469557744e-11
12.405602315169602 1.2328467394420633e-11
12.419213527017845 1.228802679586104e-11
12.563166024741214 1.1869854650947025e-11
12.708787092020593 1.1477328440239037e-11
12.856096069432965 1.1108706181477498e-11
13.005112521734098 1.0762352362483239e-11
13.155856240457052 1.0436730361249194e-11
13.308347246540762 1.0146486161028522e-11
13.462605792989109 9.87392461253632e-12
13.618652367560827 9.616774474440873e-12
13.77650769549055 9.373936013062792e-12
13.936192742241435 9.144367361524999e-12
14.097728716289676 8.927079554663539e-12
14.11674833679407 8.902150854450357e-12
14.261137071941297 8.66577390368076e-12
14.42643951218159 8.412640785153666e-12
14.593657991557576 8.174381922373074e-12
14.76281471909391 7.950003513068403e-12
14.933932161242533 7.738568920891149e-12
15.107033044866558 7.539194512958641e-12
15.282140360258708 7.351045723538977e-12
15.459277364194786 7.173333325238833e-12
15.638467583022479 7.005309889987068e-12
15.819734815786015 6.84910647114656e-12
16.00310313738702 6.720154248543855e-12
16.18859690178199 6.598431412728384e-12
16.37624074521689 6.483486106590906e-12
16.472180298994985 6.428073117284319e-12
16.56605958949915 6.362277582392919e-12
16.758078645307688 6.237091340064546e-12
16.952323415541212 6.121314881744569e-12
17.148819698705406 6.01465438045144e-12
17.347593592339322 5.916883857090398e-12
17.548671496481525 5.8278524691189376e-12
17.75208011717636 5.747494464134776e-12
17.957846470020968 5.675842620923864e-12
18.165997883753285 5.613046315005655e-12
18.376562003881723 5.5593957971364945e-12
18.58956679635688 5.526657067141635e-12
18.80504055128583 5.509046987604244e-12
19.023011886689456 5.504562655114032e-12
19.24350975230332 5.51511839751047e-12
19.466563433422632 5.5433008477134936e-12
19.692202554791734 5.592617156820087e-12
19.92045708453871 5.667859081751927e-12
20.151357338155584 5.775648695896595e-12
20.38493398252464 5.925276881841431e-12
20.62121803999144 6.1300292814840926e-12
20.86024089248505 6.409354887726194e-12
20.874992828901 6.428073117284319e-12
21.102034285685964 6.938022013858647e-12
21.346630333242455 7.413624105135825e-12
21.594061521035677 8.211133996836304e-12
21.733395160680473 8.902150854450357e-12
21.674447616258483 1.2328467394420633e-11
21.594061521035677 1.3214356043464783e-11
21.346630333242455 1.6587731325899632e-11
21.31862829333455 1.7073526474706887e-11
21.102034285685964 1.9753771413608623e-11
20.895612013457637 2.364489412645407e-11
20.86024089248505 2.4352393529130523e-11
20.621218039991444 2.965968880803195e-11
20.4916841850606 3.2745491628777315e-11
20.38493398252464 3.5851440168817464e-11
20.151357338155584 4.254620799439536e-11
20.058452616329873 4.5348785081285915e-11
19.92045708453871 5.1033518652513005e-11
19.692202554791734 5.973971628576659e-11
19.61479836515974 6.280291441834247e-11
19.466563433422632 7.157055700680706e-11
19.24350975230332 8.317889449765949e-11
19.17213785986969 8.697490026177835e-11
19.023011886689456 9.976460049960523e-11
18.80504055128583 1.1552034041204674e-10
18.737323079974942 1.2045035402587787e-10
18.58956679635688 1.3896795955104788e-10
18.376562003881723 1.6021473823416192e-10
18.304179972889237 1.6681005372000558e-10
18.165997883753285 1.9063297704512676e-10
17.957846470020968 2.1911637953817996e-10
17.86213730106286 2.310129700083158e-10
17.75208011717636 2.589240883692175e-10
17.54867149648152 3.0058726233225734e-10
17.436117692627406 3.199267137797384e-10
17.347593592339322 3.5309799707310157e-10
17.148819698705406 4.143167915304343e-10
17.029809566648506 4.4306214575838866e-10
16.952323415541212 4.86105043912794e-10
16.758078645307688 5.749558593078764e-10
16.64679480539848 6.135907273413163e-10
16.56605958949915 6.802388783409324e-10
16.37624074521689 8.048289428438362e-10
16.288894957127734 8.497534359086438e-10
16.18859690178199 9.730593900838045e-10
16.00310313738702 1.1374204101283403e-09
15.953511931110826 1.1768119524349943e-09
15.819734815786015 1.4223929297346923e-09
15.638467583022479 1.582690151303791e-09
15.572852220783005 1.6297508346206403e-09
15.459277364194786 1.8798366840401673e-09
15.282140360258708 2.1403460651297947e-09
15.162058088044954 2.257019719633917e-09
15.107033044866554 2.4373498678278937e-09
14.933932161242534 2.8984308905980846e-09
14.763849417575821 3.1257158496882358e-09
14.76281471909391 3.130761484338098e-09
14.593657991557578 3.9400800749155344e-09
14.426439512181588 4.294701158942551e-09
14.411543840967177 4.328761281083061e-09
14.261137071941299 5.402646621220851e-09
14.097728716289676 5.9341020920461495e-09
14.07982614921289 5.994842503189421e-09
13.936192742241435 7.518924840717539e-09
13.77650769549055 8.257501103791473e-09
13.768060670851787 8.302175681319736e-09
13.618652367560827 1.065787080649628e-08
13.495025145721629 1.1497569953977355e-08
13.462605792989107 1.2259692099436202e-08
13.308347246540762 1.5318740136489066e-08
13.255890163685997 1.5922827933410936e-08
13.155856240457052 1.936249892983438e-08
13.005112521734098 2.1206772465175046e-08
12.873518576297654 2.205130739903041e-08
12.856096069432963 2.2715977017690084e-08
12.708787092020595 2.779191967046151e-08
12.563166024741214 2.984553639969112e-08
12.491228587981684 3.053855508833412e-08
12.419213527017845 3.454238042214192e-08
12.276910479883604 3.9817404491111484e-08
12.136237983442419 4.197156772012179e-08
12.114645675733996 4.229242874389499e-08
11.997177354358856 5.1797274254806594e-08
11.859710123376706 5.680311350610289e-08
11.769258592466858 5.857020818056673e-08
11.723818032865998 6.404488798984771e-08
11.58948303439812 7.624140478598328e-08
11.456687286348727 8.058137143934796e-08
11.44028205686475 8.111308307896855e-08
11.325413151528128 1.0119038701855669e-07
11.195643194838794 1.1013590828699748e-07
11.147521152771787 1.1233240329780265e-07
11.067360180959744 1.330823737793458e-07
10.940547072057434 1.507646741446074e-07
10.86881732865831 1.555676143930472e-07
10.815187025522892 1.7605894732788693e-07
10.691263391734772 2.075463292228054e-07
10.615271252036607 2.1544346900318777e-07
10.56875971184805 2.4158888750602015e-07
10.447659715608053 2.839159212801292e-07
10.327947319189525 2.967513489664562e-07
10.312628292954752 2.9836472402833343e-07
10.209606623060475 3.70749994255353e-07
10.092621909870484 4.031649240618516e-07
10.020703564714964 4.132012400115335e-07
9.9769776423632 4.588245489603131e-07
9.86265846131282 5.433074733984572e-07
9.749649183484086 5.69658629362777e-07
9.73885339475652 5.72236765935022e-07
9.637934799615785 7.246078447083065e-07
9.52750047242729 7.80863674429091e-07
9.493435131208514 7.924828983539152e-07
9.418331534647951 9.599376720896404e-07
9.310413487069075 1.0722430682147625e-06
9.260885627560022 1.0974987654930544e-06
9.20373199661822 1.2849943524577703e-06
9.098272894455558 1.4804845827193728e-06
9.04982539338704 1.519911082952933e-06
8.994022174092045 1.7882996879205818e-06
8.890965989529159 2.0625385955311156e-06
8.861194397772662 2.104904144512022e-06
8.789090653419954 2.6119109869469487e-06
8.688382635251184 2.8960258563499767e-06
8.681641916630168 2.91505306282517e-06
8.588828559546249 3.868880340046779e-06
8.55024414266055 4.037017258596549e-06
8.490415204088746 4.931675909757975e-06
8.40293633955531 5.590810182512223e-06
8.393129498166363 5.80197289743247e-06
8.296958520834906 7.715719697997238e-06
8.296025093445612 7.742636826811277e-06
8.205791630885175 1.0722672220103209e-05
8.201889499202203 1.0892789832544457e-05
8.17884181419701 1.4849682622544636e-05
8.107909806731687 1.9244177209616485e-05
8.10685854753792 2.0565123083486515e-05
8.090733963608812 2.848035868435793e-05
8.015006961565405 3.763133444210947e-05
8.0090870728057 3.944206059437648e-05
7.923168624866254 5.398977715866294e-05
7.8458250081349075 5.462277217684337e-05
7.832382599179197 5.648172445132848e-05
7.742636826811271 6.754502211677668e-05
7.653919388230149 7.223416076705367e-05
7.566218500481055 7.438140822134406e-05
7.479522515621821 7.547424317785026e-05
7.4657821840642855 7.56463327554629e-05
7.393819919175866 9.009305760399242e-05
7.30909932860291 9.863065818857605e-05
7.225349491787214 0.00010235590584710492
7.142559285543126 0.00010414405015902535
7.104772351500982 0.00010476157527896618
7.060717714137772 0.00011791530590296677
6.97981390783066 0.00013393394098131436
6.899837121430018 0.00014060207858708032
6.820776732865685 0.00014362836819499842
6.75213800738703 0.00014508287784959373
6.742622241778341 0.00014930804583082426
6.6653632681249135 0.00018029792994814407
6.588989550799949 0.00019261467388390397
6.513490946272802 0.0001979138593881297
6.438857427240419 0.0002004579141241719
6.424566245793871 0.0002009233002565046
6.365079081295571 0.0002392718330349777
6.292146109610344 0.0002627526838963854
6.220048825634711 0.00027235209459759144
6.148777653810023 0.00027667653958259557
6.111229774119234 0.0002782559402207126
6.07832312829723 0.000309799684348966
6.008675891719687 0.00035601775159418563
5.939826693920357 0.0003740020090334335
5.871766390733256 0.0003816359840554627
5.804485942768978 0.0003853122838685622
5.803859277260399 0.00038535285937105196
5.737976414214134 0.00047705009101491633
5.672228971644544 0.0005118886164949497
5.607234882852032 0.0005258753279876079
5.542985515684668 0.0005321396140068012
5.5246147005252215 0.0005336699231206301
5.479472336900287 0.0006270854952005124
5.4166869110331515 0.0006968694921816298
5.354620899273607 0.0007234428028455483
5.293266058360561 0.0007345779114115227
5.251028107880412 0.0007390722033525775
5.2326142394866615 0.0007957098019671024
5.172657387216018 0.0009402972289011814
5.113387538414326 0.0009926101909772298
5.05479682119124 0.0010132326387449586
4.996877453854884 0.001022429543023639
4.990184134257095 0.0010235310218990267
4.9396217438783205 0.001249388243706311
4.8830220868778795 0.0013560541720969428
4.827070965603183 0.001395782584923835
4.771760948938746 0.0014122245090549758
4.746676373657534 0.001417474162926802
4.717084690917017 0.001613907373956914
4.663034929742731 0.001839181917040942
4.609604486828434 0.0019186764707495247
4.556786265841064 0.0019494411213276741
4.505283171876889 0.0019630406500402682
4.504573251759458 0.001970040949003694
4.452958509942656 0.0024630879806192617
4.401935185208875 0.002628141482677109
4.35149650092505 0.0026882345690819897
4.301635758106794 0.0027128057253975545
4.287549313403925 0.0027185882427329397
4.252346334528681 0.003222849013688024
4.203621683844713 0.003578328889721655
4.155455334718876 0.00370057718478099
4.1078408899656464 0.003747006207473722
4.073055560804427 0.0037649358067924563
4.060772025700365 0.00402623933600169
4.0142424904993215 0.004820624596937061
3.968246104569482 0.005079196663874465
3.9227767589277196 0.005171156102625701
3.8778284145894575 0.005208309255672477
3.870730796993754 0.005214008287999674
3.8333951017666017 0.006367907572307478
3.7894709190746676 0.006936096210928193
3.746050032748993 0.007126355168566554
3.703126675869927 0.0071972301895988616
3.67962190622361 0.007220809018385456
3.6606951475969023 0.008089249025604012
3.6187498124112802 0.0093863844495078
3.5772850993678733 0.009796538691361562
3.536295501355043 0.009938906153286482
3.495775574363275 0.009995729350051762
3.4930485053966343 0.01

