0.1 1.2922540033286302e-06
0.10069386314760276 1.2657385241833216e-06
0.10139254075588151 1.2402972147522644e-06
0.10209606623060467 1.2158865362615968e-06
0.10280447320933092 1.1924647154461045e-06
0.10351779556301763 1.1699916729313308e-06
0.10423606739764017 1.1484289545217548e-06
0.10495932305582274 1.1277396652770738e-06
0.10568759711848043 1.107888406263431e-06
0.10608007861017081 1.0974987654930544e-06
0.10642092440647241 1.0855090402420841e-06
0.10715933998226711 1.0601992553820938e-06
0.10790287915161842 1.0359145839873545e-06
0.1086515774652538 1.0126134827830822e-06
0.10940547072057427 9.90256092845253e-07
0.11016459496336564 9.688041712829894e-07
0.11092898648952228 9.482210256927963e-07
0.11169868184678232 9.284714512721914e-07
0.11247371783647517 9.095216704847687e-07
0.11325413151528117 8.91339275173175e-07
0.11403996019700328 8.738931710206428e-07
0.11483124145435111 8.571535242657705e-07
0.1156280131207376 8.410917105791079e-07
0.11643031329208765 8.256802660138246e-07
0.11723818032865989 8.108928399462762e-07
0.11805165285688052 7.967041499257361e-07
0.11829845081917804 7.924828983539153e-07
0.11887076977119033 7.794747160654786e-07
0.11969557023590435 7.613839351164276e-07
0.12052609368708427 7.440255835398841e-07
0.12136237983442409 7.273699891410823e-07
0.12220446866314882 7.11388682436308e-07
0.12305240043592616 6.960543478819052e-07
0.12390621569479163 6.813407770816935e-07
0.12476595526308698 6.672228238925334e-07
0.12563166024741204 6.536763613510117e-07
0.12650337203959036 6.40678240347343e-07
0.12738113231864784 6.282062499756145e-07
0.12826498305280606 6.162390794923231e-07
0.1291549665014884 6.0475628181798e-07
0.13005112521734088 5.937382385191464e-07
0.13095350204826672 5.831661262108506e-07
0.13186214013947484 5.730218843217441e-07
0.13193318694032372 5.722367659350221e-07
0.13277708293554297 5.598439970007831e-07
0.13369837418249467 5.469094561909528e-07
0.134626057929891 5.344983505435012e-07
0.13556017853293686 5.225894825733723e-07
0.1365007806546014 5.111625137325191e-07
0.13744790926775374 5.001979295882132e-07
0.13840160965731316 4.89677006413614e-07
0.13936192742241424 4.795817791332968e-07
0.14032890847858728 4.698950105687733e-07
0.14130259905995338 4.606001619312634e-07
0.14228304572143527 4.516813645111162e-07
0.1432702953409831 4.431233925153378e-07
0.14426439512181577 4.349116370066465e-07
0.14526539259467808 4.2703208089936895e-07
0.146273335620113 4.1947127496930813e-07
0.147145499368227 4.132012400115335e-07
0.14728827239075024 4.1183723055971e-07
0.14831025143361043 4.0219634968651844e-07
0.14933932161242522 3.929454308366722e-07
0.15037553212997382 3.8406868796002124e-07
0.1514189325304352 3.7555097446066335e-07
0.15246957270175737 3.6737775728016156e-07
0.15352750287804226 3.595350920316379e-07
0.15459277364194776 3.5200959914209964e-07
0.15566543592710616 3.4478844096211467e-07
0.1567455410205595 3.3785929980359237e-07
0.15783314056521172 3.3121035686802505e-07
0.1589282865622978 3.248302720290777e-07
0.1600310313738701 3.1870816443486373e-07
0.16114142772530193 3.128335938966711e-07
0.16225952870780874 3.0719654303223136e-07
0.16338538778098613 3.017874001329385e-07
0.1641223865511147 2.9836472402833343e-07
0.16451905877536624 2.9591654779463574e-07
0.16566059589499144 2.890189537548431e-07
0.16681005372000587 2.824002007753828e-07
0.16796748720926535 2.7604900637270777e-07
0.1691329517029648 2.699545449122741e-07
0.1703065029252844 2.6410642909860344e-07
0.171488196987054 2.584946922156843e-07
0.17267809038843554 2.531097710872796e-07
0.17387624002162508 2.4794248972794637e-07
0.1750827031735724 2.429840436567599e-07
0.17629753752872057 2.3822598484686328e-07
0.1775208011717635 2.336602072850652e-07
0.1787525525904235 2.292789331167413e-07
0.1799928506782477 2.2507469935230942e-07
0.18124175473742368 2.210403451125061e-07
0.18249932448161524 2.1716899939061517e-07
0.18307454735087694 2.154434690031878e-07
0.18376562003881713 2.1268837648179043e-07
0.18504070195423017 2.0775147752771783e-07
0.18632463119315604 2.0301402945926052e-07
0.18761746914391206 1.9846796632258721e-07
0.18891927762076663 1.941055486278064e-07
0.19023011886689448 1.8991935012653446e-07
0.1915500555573528 1.8590224512530133e-07
0.19287915080207782 1.8204739631306724e-07
0.19421746814890253 1.7834824308200881e-07
0.19556507158659492 1.7479849032157543e-07
0.19692202554791724 1.71392097666629e-07
0.19828839491270714 1.6812326918125576e-07
0.1996642450109794 1.6498644346059196e-07
0.2010496416260498 1.6197628413371333e-07
0.2024446509976804 1.5908767075133095e-07
0.2038493398252463 1.5631569004269646e-07
0.20423545496491102 1.5556761439304723e-07
0.2052637752709252 1.529197298396207e-07
0.20668802496290825 1.493845746276123e-07
0.20812215699863382 1.45992137121531e-07
0.2095662399480433 1.4273664911082909e-07
0.21102034285685956 1.3961257573562706e-07
0.21248453524988828 1.366146060393597e-07
0.21395888713434222 1.337376439041474e-07
0.21544346900318834 1.309767993533796e-07
0.21693835183851842 1.283273802066259e-07
0.21844360711494273 1.2578488407259508e-07
0.2199593068030075 1.2334499066644194e-07
0.221485523372636 1.210035544382733e-07
0.22302232979659375 1.1875659750024386e-07
0.2245697995539774 1.166003028401388e-07
0.22612800663372784 1.1453100780983349e-07
0.227697025538168 1.1254519787748943e-07
0.22786710085205802 1.1233240329780266e-07
0.22927693128656493 1.0998792546894362e-07
0.23086779941871685 1.0745521674736453e-07
0.23246970599856479 1.050246731108308e-07
0.2340827276178293 1.0269216810330392e-07
0.23570694139967274 1.0045374211160187e-07
0.23734242500238667 9.830559561371041e-08
0.23898925662310497 9.624408270051065e-08
0.2406475150015424 9.426570485984602e-08
0.24231727942375994 9.236710501229708e-08
0.243998629725955 9.054506178846786e-08
0.24569164629827908 8.879648403799527e-08
0.24739641008868135 8.711840556089529e-08
0.24911300260677885 8.550798005223683e-08
0.250841505927754 8.396247625150035e-08
0.25258200269627845 8.24792732883291e-08
0.25426128561499156 8.111308307896857e-08
0.25433457613046495 8.103383037735675e-08
0.25609931002584585 7.914201398497318e-08
0.25787628875938007 7.732644501290275e-08
0.2596655972934871 7.55840459719881e-08
0.26146732118010924 7.39118637321869e-08
0.2632815465648021 7.23070644924705e-08
0.2651083601908538 7.076692895434188e-08
0.2669478494034321 6.928884769072646e-08
0.2688001021537606 6.787031670232043e-08
0.27066520700332414 6.65089331538046e-08
0.2725432531281029 6.520239128263809e-08
0.2744343303228365 6.394847847344188e-08
0.27633852900531697 6.274507149126577e-08
0.2782559402207124 6.159013286730335e-08
0.28018665564591955 6.048170743088127e-08
0.28213076759394723 5.941791898179845e-08
0.2837447258564246 5.857020818056673e-08
0.28408836901833034 5.833028896542861e-08
0.28605955351757417 5.697331770862845e-08
0.28804441533962966 5.567098149390276e-08
0.2900430493863992 5.442107699184646e-08
0.29205555121827464 5.32214898469488e-08
0.2940820170587063 5.207019108079359e-08
0.29612254379880343 5.096523364079093e-08
0.2981772290019672 4.9904749088547446e-08
0.30024617090855493 4.8886944422221554e-08
0.3023294684405778 4.791009902743813e-08
0.3044272212064302 4.697256175155812e-08
0.30653952950565266 4.607274809630855e-08
0.3086664943337273 4.5209137523980966e-08
0.3108082173869064 4.438027087260082e-08
0.3129648010670752 4.358474787565571e-08
0.31513634848664784 4.282122478215014e-08
0.31669605247389376 4.2292428743894996e-08
0.3173229634734977 4.200988883673177e-08
0.31952475057592117 4.1035843128296915e-08
0.32174181506763716 4.01009694361575e-08
0.3239742629528197 3.920368951528633e-08
0.3262222009711669 3.834248880349002e-08
0.3284857366030044 3.7515913848642666e-08
0.33076497807442407 3.672256983996296e-08
0.33306003436245885 3.596111823912261e-08
0.33537101520029305 3.5230274507147206e-08
0.33769803108250906 3.4528805923231606e-08
0.3400411932703707 3.385552949175012e-08
0.3424006137971424 3.3209309933893124e-08
0.3447764054734464 3.258905776050462e-08
0.34716868189265615 3.199372742283517e-08
0.34957755743632746 3.142231553805767e-08
0.35200314727966797 3.08738591865198e-08
0.3535356170002024 3.053855508833412e-08
0.35444556739704347 3.027387448257966e-08
0.356904934567523 2.957411868853764e-08
0.3593813663804627 2.8902467143937205e-08
0.36187498124112794 2.825778873059656e-08
0.36438589837635454 2.763899793176115e-08
0.3669142378402493 2.704505299113459e-08
0.36946012051993027 2.6474954146314697e-08
0.3720236681413068 2.592774193362499e-08
0.3746050032748992 2.5402495561453407e-08
0.3772042493416998 2.489833134932693e-08
0.37982153061907353 2.4414401230063305e-08
0.3824569722466999 2.394989131244841e-08
0.38511070023255706 2.3504020501990942e-08
0.38778284145894565 2.3076039177405916e-08
0.3904735236885561 2.266522792057254e-08
0.3931828755705769 2.227089629780414e-08
0.39473836321493494 2.2051307399030414e-08
0.39591102664684585 2.1831213351021505e-08
0.3986581073580441 2.1328037713419286e-08
0.40142424904993207 2.084504094906646e-08
0.4042095839796307 2.0381411891373254e-08
0.4070142453219438 1.9936372044191132e-08
0.40983836717572614 1.9509174263936706e-08
0.41268208457029537 1.9099101494944307e-08
0.41554553347188755 1.8705465555895108e-08
0.4184288507901581 1.8327605975257672e-08
0.4213321743847288 1.796488887375837e-08
0.4242556430717777 1.761670589198067e-08
0.4271993966306779 1.728247316126851e-08
0.4301635758106795 1.6961630316183603e-08
0.43314832233763995 1.6653639546836697e-08
0.4361537789208005 1.635798468948107e-08
0.4391800892596086 1.6074170353821845e-08
0.440842129182014 1.592282793341094e-08
0.4422273980505899 1.5755108710335464e-08
0.44529585099426555 1.5392904804699478e-08
0.44838559480211876 1.5045201745960994e-08
0.4514967772036101 1.471141741129243e-08
0.4546295469532399 1.43909930974654e-08
0.45778405383766185 1.4083392576992569e-08
0.4609604486828434 1.3788101192363407e-08
0.46415888336127786 1.350462498683458e-08
0.4673795107992462 1.3232489870297858e-08
0.4706224849841282 1.297124081880846e-08
0.47388796097176533 1.2720441106413701e-08
0.4771760948938746 1.2479671567977136e-08
0.480487043965513 1.2248529891745925e-08
0.4838209664925956 1.2026629940459924e-08
0.48717802187946324 1.1813601099849558e-08
0.4905583706365048 1.1609087653416127e-08
0.49245766213983144 1.1497569953977357e-08
0.493962174387832 1.1380101438567977e-08
0.4973895958790064 1.1119059785472853e-08
0.5008407989848211 1.0868448752176145e-08
0.504315948717136 1.0627850257782408e-08
0.5078152112327673 1.0396863020371716e-08
0.5113387538414326 1.0175101880654971e-08
0.5148867450137493 9.962197152903549e-09
0.5184593543892911 9.757794002051908e-09
0.5220567527846977 9.561551845916464e-09
0.5256791122018422 9.373143781516552e-09
0.5293266058360562 9.192256034524404e-09
0.5329994080844089 9.018587430910537e-09
0.5366976945540475 8.851848889888179e-09
0.5404216420705916 8.691762937297339e-09
0.5441714286865891 8.538063238603133e-09
0.5479472336900287 8.390494150716807e-09
0.5502808772818703 8.302175681319736e-09
0.5517492376129127 8.228270680780139e-09
0.5555776222398876 8.039878822399572e-09
0.5594325706169379 7.858998054555167e-09
0.5633142670601354 7.6853278450013e-09
0.5672228971644544 7.518579720182126e-09
0.5711586478126432 7.358476780292702e-09
0.5751217071841612 7.2047532338773645e-09
0.579112264764176 7.057153951177133e-09
0.5831305113526222 6.915434035469841e-09
0.5871766390733255 6.77935841167677e-09
0.5912508413831878 6.648701431539589e-09
0.5953533130814369 6.523246494698896e-09
0.599484250318941 6.402785685032996e-09
0.6036438506075867 6.287119421641484e-09
0.6078323128297229 6.176056123882802e-09
0.6120498372476699 6.069411889899087e-09
0.6151081263114991 5.994842503189421e-09
0.6162966255132941 5.9562979093160095e-09
0.6205728806776502 5.8201239337127145e-09
0.6248788072006891 5.689365427734499e-09
0.6292146109610344 5.563806140941764e-09
0.633580499265825 5.443238485953729e-09
0.6379766808606281 5.3274631905154105e-09
0.6424033659394193 5.216288963567409e-09
0.6468607661546326 5.109532174754014e-09
0.6513490946272803 5.007016546827919e-09
0.6558685659571432 4.908572860431629e-09
0.6604193962330304 4.814038670756847e-09
0.665001803043112 4.723258035602963e-09
0.6696160054853221 4.636081254375344e-09
0.6742622241778342 4.552364617582531e-09
0.6789406812696109 4.4719701664092275e-09
0.6836516004510237 4.3947654619592155e-09
0.6878556099841964 4.3287612810830604e-09
0.6883952069645498 4.3174911903162935e-09
0.6931717276155406 4.218885138954352e-09
0.697981390783066 4.12418914662519e-09
0.7028244264308349 4.0332474320235595e-09
0.7077010661181887 3.945910443176074e-09
0.7126115430111746 3.862034607619517e-09
0.7175560918936926 3.781482092621489e-09
0.7225349491787214 3.7041205750388696e-09
0.7275483529196228 3.62982302042595e-09
0.732596542821523 3.558467471019866e-09
0.7376797602527733 3.4899368422457644e-09
0.7427982482564917 3.4241187273987352e-09
0.7479522515621821 3.3609052101732928e-09
0.7531420165974372 3.30019268472447e-09
0.7583677914997191 3.2418816829573614e-09
0.7636298261282244 3.185876708754126e-09
0.7689283720758311 3.1320860788592278e-09
0.7695634835146635 3.1257158496882354e-09
0.7742636826811269 3.0629886962377745e-09
0.7796360130405233 2.9942671763103663e-09
0.785045620020451 2.9282609683160923e-09
0.7904927622696422 2.8648621910687488e-09
0.7959777002314984 2.8039672678197105e-09
0.8015006961565406 2.745476753937164e-09
0.8070620141149504 2.6892951715023114e-09
0.8126619200091946 2.635330850544361e-09
0.8183006815867392 2.5834957766471874e-09
0.8239785684528518 2.53370544467144e-09
0.8296958520834906 2.485878718346157e-09
0.8354528058382867 2.4399376954937825e-09
0.8412497049736118 2.3958075786621447e-09
0.8470868266557404 2.353416550945906e-09
0.8529644499741023 2.312695656788891e-09
0.8588828559546252 2.273578687567035e-09
0.8614507061092596 2.257019719633917e-09
0.8648423275731721 2.227912665534257e-09
0.8708431497690723 2.1779220036258073e-09
0.8768856094587428 2.1298988556190167e-09
0.8829699955494089 2.0837652856212223e-09
0.8890965989529159 2.0394464600158686e-09
0.8952657125996396 1.9968705235029256e-09
0.9014776314524917 1.9559684801074736e-09
0.9077326525210226 1.9166740789568526e-09
0.914031074875623 1.8789237046348074e-09
0.9203731996618223 1.8426562719287578e-09
0.9267593301146878 1.8078131247937404e-09
0.9331897715733238 1.7743379393636855e-09
0.9396648314954693 1.7421766308474637e-09
0.9461848194721999 1.7112772641537159e-09
0.9527500472427293 1.681589968094749e-09
0.9593608287093142 1.6530668530257917e-09
0.9649903989293648 1.62975083462064e-09
0.9660174799522646 1.624088168805031e-09
0.972720319245054 1.5876228808630171e-09
0.9794696670695394 1.55258627823313e-09
0.9862658461312823 1.5189219640694947e-09
0.9931091813749796 1.4865757803781085e-09
1.0 1.4554957187495163e-09
1.0069386314760276 1.4256318346630519e-09
1.0139254075588153 1.3969361652193397e-09
1.0209606623060465 1.3693626501635366e-09
1.0280447320933093 1.3428670560673024e-09
1.0351779556301763 1.3174069035428306e-09
1.0423606739764018 1.2929413973673045e-09
1.0495932305582276 1.2694313594010924e-09
1.056875971184804 1.2468391641876438e-09
1.0642092440647242 1.225128677127579e-09
1.0715933998226712 1.2042651951237744e-09
1.0790287915161842 1.184215389598379e-09
1.0818363607899313 1.1768119524349943e-09
1.0865157746525385 1.160380690206513e-09
1.0940547072057425 1.1347364562670519e-09
1.1016459496336564 1.1100912816269883e-09
1.1092898648952225 1.0864058962543745e-09
1.116986818467823 1.0636425839410695e-09
1.124737178364752 1.0417651205099624e-09
1.1325413151528114 1.0207387144893424e-09
1.1403996019700324 1.0005299501556103e-09
1.148312414543511 9.811067328494983e-10
1.156280131207376 9.62438236474729e-10
1.1643031329208768 9.444948530917553e-10
1.1723818032865985 9.272481445226862e-10
1.1805165285688048 9.106707958868977e-10
1.1887076977119033 8.947365709900542e-10
1.1969557023590434 8.794202694923509e-10
1.2052609368708427 8.646976857847816e-10
1.2136237983442406 8.505455695050983e-10
1.2140964994132253 8.497534359086438e-10
1.222044686631488 8.320104818321969e-10
1.2305240043592616 8.138999078936786e-10
1.2390621569479163 7.964901920112008e-10
1.2476595526308698 7.79753922209919e-10
1.2563166024741208 7.636647670250292e-10
1.2650337203959032 7.481974326602065e-10
1.2738113231864785 7.33327621852481e-10
1.2826498305280605 7.190319943753461e-10
1.291549665014884 7.052881291145903e-10
1.3005112521734092 6.920744876540263e-10
1.309535020482667 6.793703793107588e-10
1.3186214013947486 6.671559275620865e-10
1.3277708293554298 6.554120378084397e-10
1.3369837418249466 6.441203664189759e-10
1.3462605792989104 6.332632910086111e-10
1.3556017853293683 6.22823881897308e-10
1.3642265615118472 6.135907273413162e-10
1.3650078065460138 6.124760978934795e-10
1.3744790926775374 5.991088551826708e-10
1.3840160965731316 5.862550796425892e-10
1.3936192742241427 5.738947981165535e-10
1.403289084785872 5.620088214980212e-10
1.4130259905995337 5.505787137438054e-10
1.4228304572143526 5.395867621183991e-10
1.432702953409831 5.290159486202811e-10
1.4426439512181581 5.188499225430682e-10
1.4526539259467806 5.090729741262508e-10
1.46273335620113 4.996700092520574e-10
1.4728827239075026 4.90626525146751e-10
1.4831025143361045 4.819285870462993e-10
1.4933932161242527 4.735628057879912e-10
1.5037553212997377 4.655163162910915e-10
1.514189325304352 4.5777675689110855e-10
1.5246957270175738 4.5033224949366846e-10
1.5352750287804227 4.4317138051534203e-10
1.535437797800404 4.4306214575838866e-10
1.5459277364194777 4.336740520405654e-10
1.5566543592710613 4.244977040412676e-10
1.567455410205595 4.156703547440614e-10
1.5783314056521174 4.0717852717790935e-10
1.5892828656229783 3.990092705803257e-10
1.600310313738701 3.9115013968842055e-10
1.6114142772530191 3.8358917485002695e-10
1.622595287078087 3.763148829222809e-10
1.6338538778098612 3.693162189263398e-10
1.6451905877536626 3.6258256842815136e-10
1.6566059589499145 3.561037306164096e-10
1.6681005372000592 3.498699020499744e-10
1.679674872092653 3.4387166104814147e-10
1.6913295170296478 3.380999526982106e-10
1.7030650292528444 3.3254607445582527e-10
1.71488196987054 3.272016623145235e-10
1.726780903884356 3.220586775218956e-10
1.7318336850055365 3.1992671377973845e-10
1.7387624002162505 3.1602504576451826e-10
1.7508270317357242 3.094288200301474e-10
1.7629753752872057 3.030806794148099e-10
1.7752080117176352 2.969711230655361e-10
1.7875255259042355 2.910910189296157e-10
1.7999285067824766 2.8543158930883674e-10
1.8124175473742368 2.7998439698382166e-10
1.8249932448161523 2.747413318858469e-10
1.8376562003881716 2.6969459829443236e-10
1.8504070195423021 2.648367025398581e-10
1.8632463119315599 2.6016044119059027e-10
1.8761746914391204 2.5565888970640076e-10
1.8891927762076663 2.5132539153873015e-10
1.9023011886689447 2.4715354766057267e-10
1.9155005555735278 2.4313720650887686e-10
1.9287915080207778 2.392704543231284e-10
1.9421746814890255 2.3554760586443063e-10
1.955650715865949 2.319631955000281e-10
1.9592903504457577 2.310129700083158e-10
1.9692202554791722 2.275493672968546e-10
1.9828839491270713 2.229472581337175e-10
1.9966424501097935 2.185158706443032e-10
2.010496416260498 2.142487380349261e-10
2.0244465099768036 2.101396428247402e-10
2.0384933982524633 2.061826071417466e-10
2.052637752709252 2.0237188340041991e-10
2.066880249629082 1.9870194534588956e-10
2.0812215699863383 1.9516747945021324e-10
2.095662399480433 1.9176337664685653e-10
2.1102034285685956 1.8848472439004176e-10
2.124845352498883 1.8532679902616886e-10
2.1395888713434217 1.822850584650151e-10
2.1544346900318834 1.793551351389122e-10
2.1693835183851844 1.7653282923857562e-10
2.1844360711494275 1.7381410221470524e-10
2.1995930680300746 1.7119507053491831e-10
2.214855233726359 1.6867199968598876e-10
2.226531627911495 1.6681005372000558e-10
2.2302232979659373 1.6602239224497507e-10
2.245697995539774 1.6277928578941067e-10
2.2612800663372785 1.5965471855642962e-10
2.27697025538168 1.5664426744492083e-10
2.29276931286565 1.5374367884499327e-10
2.3086779941871685 1.5094886210824096e-10
2.324697059985648 1.4825588327496933e-10
2.340827276178293 1.456609590483956e-10
2.3570694139967276 1.4316045100622997e-10
2.3734242500238674 1.4075086004044844e-10
2.389892566231049 1.3842882101643682e-10
2.406475150015424 1.3619109764304985e-10
2.4231727942375993 1.3403457754548444e-10
2.43998629725955 1.3195626753319475e-10
2.4569164629827913 1.299532890554112e-10
2.4739641008868127 1.280228738371363e-10
2.4911300260677884 1.261623596887944e-10
2.50841505927754 1.2436918648301094e-10
2.525820026962785 1.226408922922776e-10
2.5433457613046495 1.2097510968154075e-10
2.5489901727511644 1.2045035402587787e-10
2.5609931002584583 1.189535800866906e-10
2.578762887593801 1.1681046644215387e-10
2.5966559729348706 1.1474482522686573e-10
2.614673211801092 1.1275385393675628e-10
2.632815465648022 1.1083485821223085e-10
2.6510836019085375 1.0876745143279011e-10
2.669478494034321 1.0660205096865269e-10
2.6880010215376062 1.0451919913204896e-10
2.7066520700332415 1.0251570245680714e-10
2.725432531281029 1.0058849233649882e-10
2.744343303228364 9.873462010500007e-11
2.76338529005317 9.695125231204047e-11
2.7825594022071245 9.523566618597611e-11
2.801866556459195 9.358524527633219e-11
2.8213076759394724 9.19974752689603e-11
2.840883690183303 9.046993996693988e-11
2.860595535175742 8.90003174306287e-11
2.8804441533962963 8.758637627053139e-11
2.8892431522972655 8.697490026177835e-11
2.900430493863992 8.593771983924348e-11
2.9205555121827467 8.412500324016919e-11
2.9408201705870622 8.238083242792998e-11
2.961225437988034 8.070257139371468e-11
2.981772290019672 7.90876867519443e-11
3.002461709085549 7.753374371063707e-11
3.0232946844057778 7.603840220108508e-11
3.044272212064303 7.459941316051265e-11
3.065395295056527 7.32146149616397e-11
3.086664943337273 7.188192998331356e-11
3.108082173869064 7.059936131661096e-11
3.129648010670752 6.936498960102752e-11
3.1513634848664793 6.817696998559355e-11
3.173229634734976 6.703352920995774e-11
3.195247505759212 6.593296280067743e-11
3.2174181506763717 6.487363237814628e-11
3.2397426295281972 6.385396306976997e-11
3.26222200971167 6.287244102517732e-11
3.2638322988722868 6.280291441834247e-11
3.2848573660300437 6.159071868419034e-11
3.3076497807442404 6.033111353908631e-11
3.330600343624589 5.911852313253601e-11
3.3537101520029307 5.7951157212351635e-11
3.3769803108250915 5.6827294760589485e-11
3.4004119327037055 5.57452812901009e-11
3.424006137971424 5.4703526247561686e-11
3.4477640547344643 5.3700500518767113e-11
3.4716868189265613 5.2734734032142857e-11
3.4957755743632752 5.180481345658841e-11
3.520031472796679 5.0909379989921456e-11
3.544455673970434 5.00471272343401e-11
3.5690493456752295 4.921679915546499e-11
3.5938136638046276 4.8417188121657044e-11
3.6187498124112802 4.76471330204408e-11
3.6438589837635442 4.6905517448987975e-11
3.669142378402492 4.6191267975738475e-11
3.6946012051993025 4.550335247035135e-11
3.7004217612430166 4.5348785081285915e-11
3.7202366814130676 4.464525368930234e-11
3.7460500327489927 4.376143760552705e-11
3.7720424934169974 4.2910124324008214e-11
3.798215306190734 4.2090091888240127e-11
3.8245697224669994 4.1300165268963644e-11
3.8511070023255707 4.053921454573895e-11
3.8778284145894575 3.98061531599475e-11
3.90473523688556 3.90999362364157e-11
3.931828755705768 3.841955897096566e-11
3.9591102664684588 3.776405508130718e-11
3.986581073580441 3.7132495318786876e-11
4.014242490499322 3.6523986038611816e-11
4.042095839796308 3.5937667826259784e-11
4.070142453219437 3.5372714177880124e-11
4.0983836717572615 3.482833023257857e-11
4.126820845702954 3.430375155456361e-11
4.155455334718876 3.379824296321409e-11
4.184288507901583 3.3311097409206875e-11
4.2133217438472865 3.284163489491866e-11
4.219372982994241 3.2745491628777315e-11
4.242556430717777 3.225207019846281e-11
4.271993966306779 3.164821353354606e-11
4.301635758106795 3.106623141158472e-11
4.3314832233764005 3.0505318161354896e-11
4.361537789208003 2.996469893960351e-11
4.391800892596086 2.9443628557296715e-11
4.422273980505899 2.8941390352508737e-11
4.452958509942655 2.8457295108192187e-11
4.483855948021189 2.799068001314878e-11
4.5149677720360994 2.754090766459313e-11
4.546295469532399 2.710736511077333e-11
4.577840538376619 2.668946293218404e-11
4.609604486828434 2.6286634359973857e-11
4.641588833612779 2.5898334430217244e-11
4.673795107992461 2.552403917278639e-11
4.7062248498412815 2.5163244833621876e-11
4.738879609717653 2.4815467129266166e-11
4.771760948938746 2.4480240532585244e-11
4.804870439655131 2.4157117588667587e-11
4.838209664925955 2.3845668259951638e-11
4.860437378625967 2.3644894126454076e-11
4.871780218794631 2.350721588776275e-11
4.905583706365048 2.3106532742720563e-11
4.9396217438783205 2.272036580790399e-11
4.973895958790065 2.2348207713623737e-11
5.00840798984821 2.198957124399921e-11
5.0431594871713585 2.164398865031118e-11
5.078152112327674 2.1311010998184963e-11
5.113387538414326 2.0990207548057455e-11
5.148867450137495 2.068116516849949e-11
5.184593543892911 2.0383487782092485e-11
5.220567527846975 2.0096795843696274e-11
5.256791122018422 1.982072585109707e-11
5.293266058360562 1.9500523838501405e-11
5.329994080844091 1.915357783598166e-11
5.366976945540476 1.881966051920566e-11
5.404216420705915 1.8498273259713893e-11
5.44171428686589 1.8188936778988725e-11
5.479472336900287 1.7891190390451645e-11
5.517492376129126 1.760459127137928e-11
5.555776222398878 1.7328713763551476e-11
5.592765568636976 1.7073526474706887e-11
5.594325706169378 1.705915443801521e-11
5.633142670601354 1.67051138677166e-11
5.672228971644543 1.6364286550138517e-11
5.711586478126432 1.6036169137190175e-11
5.751217071841614 1.572027775280806e-11
5.7911226476417585 1.5416147232141643e-11
5.831305113526222 1.512333039071633e-11
5.871766390733256 1.4841397322386492e-11
5.912508413831878 1.456993472493782e-11
5.95353313081437 1.4308545252244717e-11
5.994842503189409 1.4056846891931391e-11
6.036438506075867 1.3814472367527284e-11
6.07832312829723 1.3581068564148029e-11
6.1204983724767 1.335629597677093e-11
6.162966255132942 1.3139828180212052e-11
6.2057288067765 1.29313513199467e-11
6.248788072006891 1.273056362294956e-11
6.292146109610344 1.2537174927763951e-11
6.335804992658251 1.2350906233040222e-11
6.341136131580862 1.2328467394420634e-11
6.379766808606282 1.2111070520737397e-11
6.4240336593941905 1.1871730013951136e-11
6.468607661546324 1.1641177586665378e-11
6.513490946272802 1.141908290045576e-11
6.558685659571432 1.1205128295964746e-11
6.604193962330306 1.0999008301293459e-11
6.650018030431117 1.0800429159693493e-11
6.696160054853219 1.0609108375798952e-11
6.742622241778342 1.0424774279669506e-11
6.789406812696109 1.0247165607943794e-11
6.836516004510239 1.0076031101431167e-11
6.883952069645496 9.911129118496117e-12
6.931717276155404 9.75222726361558e-12
6.9798139078306605 9.599102030514618e-12
7.028244264308349 9.451538459308913e-12
7.077010661181889 9.309329807106217e-12
7.126115430111746 9.172277231540576e-12
7.175560918936925 9.040189486734102e-12
7.225349491787214 8.912882631201949e-12
7.229602758232801 8.902150854450357e-12
7.2754835291962285 8.747083594078043e-12
7.3259654282152304 8.583294362678701e-12
7.376797602527734 8.425418789603907e-12
7.427982482564914 8.27323886342163e-12
7.479522515621821 8.126544892305614e-12
7.531420165974372 7.985135186107664e-12
7.583677914997191 7.848815750975266e-12
7.6362982612822465 7.717399996033716e-12
7.68928372075831 7.590708451672031e-12
7.742636826811269 7.468568498991239e-12
7.796360130405233 7.350814109992465e-12
7.850456200204509 7.237285598100176e-12
7.904927622696424 7.127503080830229e-12
7.959777002314982 7.012122327273439e-12
8.015006961565405 6.900950928732096e-12
8.070620141149503 6.79383146633313e-12
8.126619200091946 6.690612546698884e-12
8.183006815867394 6.591148568952862e-12
8.239785684528515 6.4952995008646494e-12
8.28100813861182 6.428073117284319e-12
8.296958520834906 6.39325367607603e-12
8.354528058382867 6.269973670205385e-12
8.412497049736118 6.151161468336652e-12
8.470868266557407 6.036651125521915e-12
8.529644499741021 5.926283031819368e-12
8.58882855954625 5.819903668450193e-12
8.648423275731723 5.717365373523752e-12
8.708431497690723 5.618526116957555e-12
8.76885609458743 5.523249284233859e-12
8.829699955494087 5.4314034686490745e-12
8.890965989529159 5.342862271725897e-12
8.952657125996396 5.257504111471941e-12
9.014776314524918 5.175212038180944e-12
9.077326525210228 5.095873557485569e-12
9.140310748756228 5.019380460382362e-12
9.20373199661822 4.945628659961255e-12
9.267593301146878 4.874518034582938e-12
9.33189771573324 4.805952277258184e-12
9.396648314954696 4.7398387509936e-12
9.461848194721997 4.676088349878257e-12
9.498182548424005 4.6415888336127725e-12
9.527500472427292 4.6042336455046685e-12
9.593608287093144 4.522140343089239e-12
9.660174799522645 4.4429770259671494e-12
9.727203192450542 4.366638078192659e-12
9.794696670695396 4.2930219213123466e-12
9.86265846131282 4.222030863852374e-12
9.931091813749795 4.153570956923655e-12
9.999999999999998 4.087551855729897e-12
10.069386314760271 4.023886686774128e-12
10.139254075588154 3.962491920570324e-12
10.209606623060465 3.903287249677315e-12
10.280447320933098 3.846195471882621e-12
10.351779556301762 3.791142378374791e-12
10.423606739764011 3.7380566467529066e-12
10.495932305582278 3.686869738733257e-12
10.56875971184804 3.633062401333336e-12
10.642092440647247 3.576340855888333e-12
10.715933998226712 3.5216754809119235e-12
10.790287915161835 3.4689896683542334e-12
10.865157746525384 3.4182097350289652e-12
10.940547072057424 3.3692648096417142e-12
10.968369684197864 3.351602650938848e-12
11.01645949633657 3.3107264463201654e-12
11.092898648952227 3.2477462259757238e-12
11.169868184678226 3.1870347279257587e-12
11.24737178364752 3.128507934584989e-12
11.325413151528116 3.0720850275191915e-12
11.403996019700331 3.0176882643421886e-12
11.483124145435113 2.965242860433991e-12
11.562801312073754 2.9146768752912666e-12
11.643031329208767 2.8659211033292673e-12
11.723818032865985 2.8189089689613525e-12
11.805165285688055 2.7735764257892126e-12
11.887076977119033 2.729861859743879e-12
11.969557023590427 2.6877059960236464e-12
12.052609368708426 2.6470518096816304e-12
12.136237983442406 2.6078444397213984e-12
12.220446866314887 2.5700311065648732e-12
12.305240043592615 2.533561032762467e-12
12.390621569479157 2.4983853668203425e-12
12.476595526308698 2.464457110025228e-12
12.563166024741202 2.4317310461518633e-12
12.594575969934407 2.4201282647943833e-12
12.650337203959038 2.392479575013874e-12
12.738113231864785 2.3503090486798466e-12
12.826498305280598 2.3096294594505755e-12
12.91549665014884 2.270387163334219e-12
13.005112521734086 2.232530552912706e-12
13.095350204826676 2.1960099809623987e-12
13.186214013947485 2.1607776871266745e-12
13.27770829355429 2.1267877275283474e-12
13.369837418249466 2.09399590721514e-12
13.462605792989097 2.0623597153362924e-12
13.556017853293689 2.0318382629532358e-12
13.650078065460137 2.0023922233921588e-12
13.744790926775366 1.973983775050756e-12
13.840160965731316 1.9465765465762647e-12
13.93619274224142 1.9201355643363214e-12
14.03289084785873 1.894627202108676e-12
14.130259905995336 1.8700191329204733e-12
14.22830457214352 1.8462802829720956e-12
14.32702953409831 1.82338078758534e-12
14.426439512181574 1.801291949120189e-12
14.526539259467812 1.7799861968091544e-12
14.627333562011298 1.7594370484631335e-12
14.68766295201008 1.7475284000076831e-12
14.728827239075018 1.7365748822231824e-12
14.831025143361044 1.7101080235291613e-12
14.933932161242518 1.684587503631135e-12
15.037553212997382 1.6599821976012833e-12
15.14189325304352 1.6362622600483114e-12
15.246957270175745 1.6133990867068758e-12
15.352750287804227 1.5913652783882148e-12
15.459277364194769 1.570134607296757e-12
15.566543592710618 1.5496819857297097e-12
15.67455410205595 1.5299834371900184e-12
15.783314056521181 1.5110160699580205e-12
15.89282865622978 1.4880830143380066e-12
16.003103137387 1.465334211588248e-12
16.114142772530197 1.4433805144021357e-12
16.225952870780873 1.4221934341493213e-12
16.33853877809862 1.4017455563163138e-12
16.451905877536625 1.3820105000834887e-12
16.566059589499137 1.362962879496743e-12
16.68100537200059 1.3445782661737336e-12
16.79674872092653 1.3268331534870814e-12
16.913295170296486 1.309704922169428e-12
17.030650292528442 1.2931718072876806e-12
17.148819698705392 1.2772128665359988e-12
17.267420103158628 1.2618568830660185e-12
17.26780903884356 1.2617891160520268e-12
17.387624002162504 1.2411954681390696e-12
17.50827031735725 1.2213164003941774e-12
17.62975375287206 1.2021270622358e-12
17.75208011717634 1.1836035479416099e-12
17.875255259042355 1.1657228623998932e-12
17.999285067824765 1.1484628882820332e-12
18.124175473742376 1.131802354589231e-12
18.249932448161523 1.1157208065295013e-12
18.376562003881705 1.1001985766834168e-12
18.504070195423022 1.0819743511502106e-12
18.6324631193156 1.0623126567590661e-12
18.761746914391214 1.0433894469514846e-12
18.891927762076662 1.025176244025439e-12
19.02301188668944 1.0076456880881682e-12
19.15500555573528 9.907714926903153e-13
19.287915080207778 9.745284022347653e-13
19.421746814890266 9.64388153624388e-13
19.556507158659493 9.477760339831024e-13
19.692202554791713 9.316402547642075e-13
19.828839491270713 9.159542982276163e-13
19.871151471714718 9.11162756115487e-13
19.966424501097933 8.984217528286995e-13
20.10496416260499 8.805095606102522e-13
20.24446509976804 8.632620348886571e-13
20.384933982524622 8.466537611097534e-13
20.52637752709252 8.506861281430234e-13
20.66880249629082 8.343419072420485e-13
20.812215699863394 8.185118076504043e-13
20.95662399480433 8.031708872512425e-13
21.102034285685942 7.897752206616912e-13
21.24845352498883 7.801977107431721e-13
21.395888713434214 7.709075957087419e-13
21.544346900318846 7.61893130928705e-13
21.693835183851842 7.626079267339103e-13
21.84436071149426 7.550755977624188e-13
21.99593068030075 7.478395329888204e-13
22.14855233726359 7.408924146517623e-13
22.302232979659387 7.342274047425922e-13
22.45697995539774 7.278381480407791e-13
22.612800663372774 7.21718777549421e-13
22.7697025538168 7.158639223148987e-13
22.927693128656486 7.102687178613414e-13
23.086779941871697 7.04928819746383e-13
23.24697059985648 6.998404203012153e-13
23.408272761782918 6.950002692318318e-13
23.570694139967276 6.904056982741551e-13
23.73424250023866 6.846705406415095e-13
23.898925662310504 6.755332837274975e-13
24.06475150015424 6.666918949309858e-13
24.231727942375983 6.581334406902435e-13
24.235694125068573 6.579332246575683e-13
24.399862972595503 6.473138295508151e-13
24.5691646298279 6.368192501076087e-13
24.73964100886814 6.266981980827596e-13
24.911300260677884 6.169364732849686e-13
25.084150592775384 6.075204071607243e-13
25.258200269627846 5.984368421482722e-13
25.433457613046485 5.896731118170425e-13
25.609931002584595 5.812170220445039e-13
25.787628875938008 5.730568328997987e-13
25.9665597293487 5.651812414763638e-13
26.14673211801092 5.575793655174284e-13
26.3281546564802 5.504552921147352e-13
26.51083601908539 5.484898964460723e-13
26.694784940343208 5.467790958837626e-13
26.880010215376046 5.453299031880542e-13
27.06652070033241 5.441507029090758e-13
27.254325312810277 5.432514091382302e-13
27.443433032283654 5.426436489111733e-13
27.6338529005317 5.423409758788043e-13
27.825594022071257 5.423591197193103e-13
28.018665564591952 5.427162781971354e-13
28.213076759394706 5.434334599656911e-13
28.40883690183304 5.445348882273068e-13
28.60595535175742 5.460484776341645e-13
28.80444153396298 5.480063996922619e-13
29.004304938639915 5.48340239421392e-13
29.20555512182745 5.431084054437138e-13
29.40820170587064 5.381013669301696e-13
29.612254379880344 5.333148487191159e-13
29.817722900196735 5.287451977591467e-13
30.024617090855493 5.243894225464011e-13
30.232946844057764 5.202452407885253e-13
30.442722120643026 5.163111366489487e-13
30.653952950565266 5.12586429320233e-13
30.866649433372746 5.090713548597269e-13
31.080821738690638 5.057671638178916e-13
31.296480106707506 5.026762376078506e-13
31.513634848664793 4.998022272949074e-13
31.732296347349763 5.029228650725605e-13
31.952475057592135 5.095008301376513e-13
32.174181506763716 5.170827609355825e-13
32.39742629528195 5.258146908681684e-13
32.622220097116696 5.358707279926748e-13
32.84857366030044 5.47459481970932e-13
33.07649780744242 5.608322440374128e-13
33.30600343624589 5.762934811569208e-13
33.53710152002929 5.942144142541257e-13
33.76980310825091 6.150507487523045e-13
34.00411932703706 6.393660575337659e-13
34.17713789449371 6.579332246575683e-13
34.240061379714255 6.664881755756578e-13
34.47764054734464 6.752451865306384e-13
34.7168681892656 6.862784025730489e-13
34.95775574363275 7.00116290915446e-13
35.20031472796679 7.174528411320089e-13
35.44455673970435 7.392136917294398e-13
35.69049345675229 7.666560001279089e-13
35.93813663804626 8.015238302008724e-13
36.18749812411281 8.462984700191443e-13
36.43858983763545 9.046186007490041e-13
36.46288687935437 9.11162756115487e-13
36.5470798360962 1.2618568830660185e-12
36.43858983763545 1.3420637888263025e-12
36.18749812411281 1.5580984682359433e-12
36.01147186190374 1.747528400007683e-12
35.93813663804626 1.800456761049029e-12
35.69049345675229 1.985876568411024e-12
35.44455673970435 2.1797311973532837e-12
35.20031472796679 2.389581110004318e-12
35.168056262905445 2.4201282647943833e-12
34.95775574363275 2.6155852672714656e-12
34.7168681892656 2.8338772451313107e-12
34.47764054734464 3.0490083074558344e-12
34.240061379714255 3.2669472399852895e-12
34.17368079567219 3.351602650938848e-12
34.00411932703706 3.6231063569861572e-12
33.76980310825091 3.977449386174865e-12
33.53710152002929 4.2963753892078316e-12
33.30600343624589 4.592624623604989e-12
33.26953773656149 4.6415888336127725e-12
33.07649780744242 5.065059151015563e-12
32.84857366030044 5.501406447781774e-12
32.622220097116696 5.878735860251807e-12
32.39742629528195 6.214861968207877e-12
32.249554442539804 6.42807311728432e-12
32.174181506763716 6.660911274230759e-12
31.95247505759214 7.299656989685752e-12
31.732296347349763 7.824776015815114e-12
31.513634848664793 8.25221764058447e-12
31.296480106707506 8.596920128370302e-12
31.089928775929195 8.902150854450357e-12
31.080821738690638 8.938865848136053e-12
30.866649433372746 9.785215016492018e-12
30.653952950565266 1.04733816998149e-11
30.442722120643026 1.1046594329448853e-11
30.232946844057764 1.1536668783190154e-11
30.024617090855493 1.1967430437625215e-11
29.835020715086376 1.2328467394420634e-11
29.817722900196735 1.2432407010496188e-11
29.612254379880344 1.3628612792950897e-11
29.40820170587064 1.4578150084546277e-11
29.20555512182745 1.5350544161491765e-11
29.004304938639915 1.5995830552607737e-11
28.80444153396298 1.6592776293996615e-11
28.62863811820306 1.7073526474706884e-11
28.60595535175742 1.7295339174277703e-11
28.40883690183304 1.91415803216731e-11
28.213076759394706 2.0537280031933774e-11
28.018665564591952 2.1621444557217106e-11
27.825594022071257 2.248948343707429e-11
27.6338529005317 2.320796293349279e-11
27.50701978814448 2.3644894126454073e-11
27.443433032283657 2.4563676743438924e-11
27.254325312810277 2.701971476870037e-11
27.06652070033241 2.8838129572708494e-11
26.880010215376046 3.022234827439928e-11
26.694784940343208 3.130944117784726e-11
26.51083601908539 3.2193283891296884e-11
26.38365130622848 3.2745491628777315e-11
26.328154656480198 3.394003662106669e-11
26.14673211801092 3.727453452342945e-11
25.9665597293487 3.971796205332692e-11
25.787628875938008 4.156163092798426e-11
25.609931002584595 4.299409697217439e-11
25.433457613046482 4.414406258733993e-11
25.258200269627846 4.510083444520511e-11
25.21324908924321 4.5348785081285915e-11
25.084150592775387 4.925543976712826e-11
24.911300260677884 5.335979897047608e-11
24.73964100886814 5.6348964626882835e-11
24.569164629827903 5.858704888497945e-11
24.399862972595503 6.031610813948734e-11
24.231727942375983 6.16996783139547e-11
24.07328834959576 6.280291441834247e-11
24.064751500154237 6.31950469904597e-11
23.898925662310504 7.053569400580897e-11
23.73424250023866 7.569227033259108e-11
23.570694139967276 7.953916215418539e-11
23.408272761782918 8.239619524683592e-11
23.24697059985648 8.455625905373216e-11
23.086779941871697 8.625602946589831e-11
23.015137879464838 8.697490026177835e-11
22.927693128656486 9.317270376434335e-11
22.7697025538168 1.0225620245371186e-10
22.612800663372774 1.0847620288338343e-10
22.45697995539774 1.1286051673994317e-10
22.302232979659387 1.1605619746161183e-10
22.14855233726359 1.1847778550304696e-10
21.99593068030075 1.203956550192166e-10
21.991905962048556 1.2045035402587787e-10
21.84436071149426 1.359007103172991e-10
21.693835183851842 1.4652736633740796e-10
21.544346900318846 1.537462055976751e-10
21.395888713434214 1.588049410693287e-10
21.24845352498883 1.6248135661783084e-10
21.102034285685942 1.6526914377346024e-10
21.00767972374814 1.6681005372000558e-10
20.95662399480433 1.7475317129946714e-10
20.812215699863394 1.939562750574444e-10
20.66880249629082 2.0667846542626182e-10
20.52637752709252 2.1534088128536107e-10
20.384933982524622 2.2142810224225813e-10
20.24446509976804 2.2586700234258443e-10
20.10496416260499 2.2924684093764453e-10
20.023775283288977 2.310129700083158e-10
19.966424501097933 2.4419498413046737e-10
19.828839491270713 2.7069762619368007e-10
19.692202554791713 2.8798215592706806e-10
19.556507158659493 2.9957217823121935e-10
19.421746814890266 3.075974858230991e-10
19.287915080207778 3.133695046660665e-10
19.15500555573528 3.177108991011283e-10
19.079291498775422 3.199267137797384e-10
19.02301188668944 3.3920804179499327e-10
18.891927762076662 3.7644571928720305e-10
18.761746914391214 4.0033386276829913e-10
18.6324631193156 4.1609337997376444e-10
18.504070195423022 4.2683322235717325e-10
18.376562003881705 4.3451994008111427e-10
18.249932448161523 4.402831234171165e-10
18.181567778693427 4.4306214575838866e-10
18.124175473742376 4.729981542974519e-10
17.999285067824765 5.258078180877856e-10
17.875255259042355 5.587461275930952e-10
17.75208011717634 5.798989544243272e-10
17.62975375287206 5.939550122527937e-10
17.50827031735725 6.036883440865001e-10
17.387624002162504 6.107734505118968e-10
17.33588205554391 6.135907273413163e-10
17.26780903884356 6.663311170550491e-10
17.148819698705392 7.368044949765095e-10
17.030650292528442 7.801028490671205e-10
16.913295170296486 8.075091921548808e-10
16.79674872092653 8.254743335076418e-10
16.68100537200059 8.377634272995811e-10
16.566059589499137 8.466198821786113e-10
16.522992136769002 8.497534359086438e-10
16.451905877536625 9.316071893951839e-10
16.33853877809862 1.0279220036856578e-09
16.225952870780873 1.086154301000857e-09
16.114142772530197 1.1224397368900569e-09
16.003103137387 1.145867526567318e-09
15.89282865622978 1.1616675913163639e-09
15.783314056521181 1.1729366989837117e-09
15.744316265209303 1.1768119524349943e-09
15.674554102055952 1.297987363886958e-09
15.56654359271062 1.4331630410131121e-09
15.459277364194769 1.5127904148004793e-09
15.352750287804227 1.5611834823656563e-09
15.246957270175745 1.5917022561153881e-09
15.14189325304352 1.6118534518274902e-09
15.037553212997384 1.6259497300011076e-09
15.00881736896894 1.62975083462064e-09
14.933932161242517 1.822546672457649e-09
14.831025143361044 2.003110649100812e-09
14.728827239075018 2.1078809569236683e-09
14.627333562011298 2.1706300889383676e-09
14.526539259467812 2.2096549259457144e-09
14.426439512181574 2.2350976476231986e-09
14.32702953409831 2.2527098422282507e-09
14.302502240572887 2.257019719633917e-09
14.22830457214352 2.540364311618871e-09
14.130259905995336 2.7884757944357675e-09
14.03289084785873 2.930121613081353e-09
13.93619274224142 3.013611005886442e-09
13.840160965731316 3.064726464498996e-09
13.744790926775366 3.0975547361801494e-09
13.650078065460137 3.1199743242527756e-09
13.625419886074116 3.1257158496882354e-09
13.556017853293689 3.5190336319527065e-09
13.462605792989097 3.869091309185868e-09
13.369837418249466 4.065525618426494e-09
13.27770829355429 4.1793385403944984e-09
13.186214013947485 4.247828982428771e-09
13.095350204826676 4.291067813211318e-09
13.005112521734086 4.320116749774101e-09
12.977016210277508 4.328761281083061e-09
12.91549665014884 4.84635333745896e-09
12.826498305280598 5.352827295586392e-09
12.738113231864785 5.631939822702453e-09
12.650337203959038 5.7907440147345466e-09
12.563166024741202 5.884552764332023e-09
12.476595526308698 5.942658424031686e-09
12.390621569479157 5.98095754097702e-09
12.35636241380123 5.994842503189421e-09
12.305240043592617 6.633537383953971e-09
12.220446866314887 7.3843340911026815e-09
12.136237983442406 7.79036089521487e-09
12.052609368708426 8.017020112100615e-09
11.969557023590427 8.148306683336701e-09
11.887076977119033 8.227965394714867e-09
11.805165285688055 8.279355115974831e-09
11.762276542058798 8.302175681319736e-09
11.723818032865983 9.015764271812938e-09
11.643031329208767 1.015544600514218e-08
11.562801312073754 1.0759844630376613e-08
11.483124145435111 1.1090642271275836e-08
11.403996019700331 1.1278353733689624e-08
11.325413151528116 1.1389778728533738e-08
11.24737178364752 1.1459990327475821e-08
11.193381295809418 1.1497569953977357e-08
11.169868184678224 1.2145564159995989e-08
11.092898648952227 1.3916415564982244e-08
11.01645949633657 1.4836755879179059e-08
10.940547072057424 1.5330312313787477e-08
10.865157746525384 1.5604499215285473e-08
10.790287915161835 1.5763571529624576e-08
10.715933998226712 1.586131595841204e-08
10.64811808815721 1.592282793341094e-08
10.642092440647247 1.616947518454912e-08
10.56875971184804 1.898546573904568e-08
10.495932305582278 2.04286835144666e-08
10.423606739764011 2.1186916785760608e-08
10.351779556301762 2.159484339376997e-08
10.280447320933098 2.1823956596693465e-08
10.209606623060465 2.1960190827521848e-08
10.139254075588154 2.2047802483356648e-08
10.136772189210307 2.205130739903041e-08
10.069386314760271 2.6094903803589476e-08
10.0 2.823597169857724e-08
9.931091813749795 2.9327715799979064e-08
9.86265846131282 2.990433596177309e-08
9.794696670695396 3.022199329090622e-08
9.727203192450542 3.0406999605874824e-08
9.660174799522645 3.052339748697416e-08
9.651993160630397 3.053855508833412e-08
9.593608287093142 3.5726239452549e-08
9.52750047242729 3.894545215291988e-08
9.461848194721997 4.055627891642806e-08
9.396648314954696 4.139086822720847e-08
9.33189771573324 4.184138715265409e-08
9.267593301146878 4.2097988997191236e-08
9.20373199661822 4.2255521931219526e-08
9.188500368163503 4.229242874389499e-08
9.14031074875623 4.863323502643321e-08
9.077326525210228 5.359193454071015e-08
9.014776314524918 5.60252463764508e-08
8.952657125996396 5.7261207297048964e-08
8.890965989529159 5.7914488319604564e-08
8.829699955494087 5.827796641323979e-08
8.76885609458743 5.849526216769975e-08
8.745128577562694 5.857020818056673e-08
8.708431497690723 6.572103997790314e-08
8.648423275731723 7.354110941296105e-08
8.58882855954625 7.730219190155055e-08
8.529644499741021 7.917405548981896e-08
8.470868266557407 8.014233310618715e-08
8.412497049736118 8.066821908856404e-08
8.354528058382867 8.097391270464661e-08
8.320608402689693 8.111308307896855e-08
8.296958520834906 8.793779456837791e-08
8.239785684528515 1.0055941847798006e-07
8.183006815867394 1.0650560364857959e-07
8.126619200091946 1.0940395463348829e-07
8.070620141149503 1.1087068117030374e-07
8.015006961565405 1.1164796825017302e-07
7.959777002314982 1.1208691300865877e-07
7.913541376074053 1.1233240329780266e-07
7.904927622696424 1.1601334626748105e-07
7.850456200204509 1.370199165780396e-07
7.796360130405233 1.4662663090168922e-07
7.742636826811269 1.5117302140636638e-07
7.68928372075831 1.5340684032728513e-07
7.636298261282246 1.545549666357929e-07
7.583677914997191 1.5518238845746227e-07
7.531420165974372 1.5555745522575565e-07
7.530206245851912 1.5556761439304723e-07
7.479522515621821 1.8713899283867794e-07
7.427982482564914 2.0202934038219244e-07
7.376797602527734 2.089430465324507e-07
7.3259654282152304 2.1227420287116992e-07
7.2754835291962285 2.1395042887729156e-07
7.225349491787214 2.1484431107512526e-07
7.175560918936925 2.153633909840932e-07
7.168227923332324 2.154434690031878e-07
7.126115430111745 2.542064463290121e-07
7.077010661181889 2.7780798044385384e-07
7.028244264308349 2.8855345869359306e-07
6.9798139078306605 2.936282851360987e-07
6.931717276155404 2.961274324463879e-07
6.883952069645496 2.974272570363391e-07
6.836516004510239 2.981595020747131e-07
6.822065473358346 2.9836472402833343e-07
6.789406812696109 3.4278564059858863e-07
6.742622241778342 3.810308644051359e-07
6.696160054853219 3.9809581839347944e-07
6.650018030431118 4.0599231838311167e-07
6.604193962330306 4.097971170516917e-07
6.558685659571432 4.1172678196911746e-07
6.513490946272802 4.1278058781809447e-07
6.49063220465902 4.1320124001153343e-07
6.468607661546324 4.574676469086482e-07
6.4240336593941905 5.208253591158788e-07
6.379766808606282 5.485153038912003e-07
6.335804992658251 5.610642665183479e-07
6.292146109610344 5.66979265535404e-07
6.248788072006891 5.699046445015252e-07
6.2057288067765 5.714531399301098e-07
6.172736943024361 5.722367659350221e-07
6.162966255132942 6.012543438856521e-07
6.1204983724767 7.085694647265327e-07
6.07832312829723 7.544801469529679e-07
6.036438506075867 7.748489469047038e-07
5.994842503189409 7.842395251496122e-07
5.95353313081437 7.887693841541182e-07
5.912508413831878 7.910943369225702e-07
5.871766390733256 7.924059906898414e-07
5.869686421503437 7.924828983539153e-07
5.831305113526222 9.575725734600673e-07
5.7911226476417585 1.0353709761341576e-06
5.751217071841614 1.0691445422769042e-06
5.711586478126432 1.0843710867687217e-06
5.672228971644543 1.0915370522119115e-06
5.633142670601354 1.0951057676201556e-06
5.594325706169378 1.0970411686968816e-06
5.584707647056998 1.0974987654930544e-06
5.555776222398878 1.2814394501707831e-06
5.517492376129126 1.416220655703053e-06
5.479472336900287 1.4734411639815169e-06
5.44171428686589 1.4986622349093601e-06
5.404216420705915 1.5102454051791437e-06
5.366976945540476 1.5158477200404412e-06
5.329994080844091 1.518771469798708e-06
5.311293788841036 1.5199110829529333e-06
5.293266058360562 1.6893208643338504e-06
5.256791122018422 1.9317023244693698e-06
5.220567527846975 2.032213996647202e-06
5.184593543892911 2.0735787461263914e-06
5.148867450137495 2.091387251245738e-06
5.113387538414326 2.0994952127924095e-06
5.078152112327674 2.1035063475161888e-06
5.062526072770745 2.104904144512022e-06
5.0431594871713585 2.3806597166926645e-06
5.00840798984821 2.7006349294123102e-06
4.973895958790065 2.8258414301406298e-06
4.9396217438783205 2.8769572735385237e-06
4.905583706365048 2.8988033988672363e-06
4.871780218794631 2.908693409909228e-06
4.838209664925955 2.9135776359909682e-06
4.826170997053434 2.91505306282517e-06
4.804870439655131 3.358496663510629e-06
4.771760948938746 3.767263108377361e-06
4.738879609717653 3.925790287065022e-06
4.7062248498412815 3.989957814460424e-06
4.673795107992461 4.017165193000873e-06
4.641588833612779 4.029402179123295e-06
4.609604486828434 4.035426764583072e-06
4.600113428875438 4.037017258596549e-06
4.577840538376619 4.715150780021624e-06
4.546295469532399 5.246044851020184e-06
4.5149677720360994 5.4499866759687765e-06
4.483855948021189 5.5317850694983765e-06
4.452958509942655 5.566169977597515e-06
4.422273980505899 5.58151947924336e-06
4.391800892596086 5.589041032420899e-06
4.384059782706054 5.590810182512223e-06
4.361537789208003 6.593941262876446e-06
4.3314832233764005 7.294991236843213e-06
4.301635758106795 7.5615845235694006e-06
4.271993966306779 7.667470197411581e-06
4.242556430717777 7.711564637928372e-06
4.2133217438472865 7.731079907721019e-06
4.184288507901583 7.740580695727401e-06
4.177671193083695 7.742636826811277e-06
4.155455334718876 9.190575804910613e-06
4.126820845702954 1.0132069562649353e-05
4.0983836717572615 1.0486258492318595e-05
4.070142453219437 1.0625471051089433e-05
4.042095839796308 1.0682856296479584e-05
4.014242490499322 1.0708006740550912e-05
3.986581073580441 1.0720147234771654e-05
3.98058352331483 1.072267222010321e-05
3.9591102664684588 1.277121952169421e-05
3.931828755705768 1.4057630781587707e-05
3.90473523688556 1.4536059366282389e-05
3.8778284145894575 1.4722015190476808e-05
3.8511070023255707 1.479782864550791e-05
3.824569722466999 1.4830692377160004e-05
3.7982153061907344 1.4846388592258587e-05
3.792419138140448 1.4849682622544636e-05
3.772042493416997 1.7695879440613634e-05
3.746050032748993 1.9484965430821945e-05
3.7202366814130676 2.0142290268539637e-05
3.6946012051993025 2.0394758897920947e-05
3.669142378402492 2.0496475903220062e-05
3.6438589837635442 2.054003275995259e-05
3.6187498124112802 2.0560571882051863e-05
3.6127938271008855 2.0565123083486515e-05
3.5938136638046276 2.444785095668629e-05
3.5690493456752295 2.698172694739491e-05
3.544455673970434 2.790075416590385e-05
3.520031472796679 2.8249308450116062e-05
3.4957755743632752 2.838796591366486e-05
3.4716868189265613 2.8446549892332286e-05
3.4477640547344643 2.847376580480858e-05
3.4413205639290463 2.8480358684357933e-05
3.424006137971424 3.3669157258094634e-05
3.400411932703706 3.732569289004893e-05
3.3769803108250915 3.863391434899721e-05
3.3537101520029307 3.912348364661102e-05
3.330600343624589 3.9315623690605243e-05
3.307649780744241 3.9395631820906234e-05
3.2848573660300437 3.9432175636875206e-05
3.277610923225407 3.944206059437648e-05
3.26222200971167 4.6199793617984144e-05
3.2397426295281972 5.1579066518025194e-05
3.2174181506763717 5.347607595136752e-05
3.195247505759212 5.417602498097766e-05
3.173229634734976 5.4446829315383e-05
3.1513634848664793 5.455784897065546e-05
3.129648010670752 5.460761243990275e-05
3.1212744758361097 5.462277217684337e-05
3.108082173869064 6.311371361906274e-05
3.086664943337273 7.118599138567766e-05
3.065395295056527 7.39897069815656e-05
3.044272212064303 7.500891990341014e-05
3.0232946844057778 7.539734370213541e-05
3.002461709085549 7.555397287615064e-05
2.9817722900196717 7.562276143180032e-05
2.971916124415421 7.56463327554629e-05
2.9612254379880345 8.573388139215005e-05
2.9408201705870622 9.809753739059516e-05
2.9205555121827467 0.00010232349462723453
2.9004304938639915 0.00010383585779071863
2.8804441533962963 0.00010440317483489614
2.860595535175742 0.00010462800773997277
2.840883690183303 0.00010472462739391602
2.829130995340979 0.0001047615752789662
2.821307675939473 0.00011558620129233728
2.801866556459195 0.000134925721373798
2.7825594022071245 0.00014142556148349298
2.76338529005317 0.00014371376264894412
2.744343303228364 0.00014455802660685778
2.725432531281029 0.0001448866301860773
2.7066520700332415 0.00014502467117936572
2.692496076220099 0.00014508287784959373
2.6880010215376062 0.00015420486990071447
2.669478494034321 0.00018512009734155427
2.6510836019085375 0.00019532798509786778
2.6328154656480214 0.0001989529068129724
2.614673211801092 0.0002002472840422188
2.596655972934871 0.00020069883073768602
2.578762887593801 0.0002008723338305168
2.5713983108820777 0.0002009233002565046
2.5609931002584583 0.00023323670011805676
2.5433457613046495 0.0002645831900761585
2.525820026962785 0.00027387310066291225
2.50841505927754 0.00027678814544472254
2.4911300260677884 0.0002777593227383319
2.4739641008868127 0.00027810881235388094
2.4569164629827913 0.0002782527883099289
2.456625022790406 0.0002782559402207126
2.43998629725955 0.0003528721137174735
2.4231727942375993 0.000375341423329658
2.406475150015424 0.0003821062046582541
2.389892566231049 0.00038426493188877
2.3734242500238674 0.0003850010092910001
2.3570694139967276 0.00038527853135756273
2.351257581185423 0.00038535285937105196
2.340827276178293 0.00045407518688932175
2.324697059985648 0.0005101346145864557
2.3086779941871685 0.0005263148439325813
2.29276931286565 0.0005312653570792512
2.27697025538168 0.0005328754827107698
2.2612800663372785 0.0005334423168769122
2.2461059644771355 0.0005336699231206301
2.245697995539774 0.0005376173394435436
2.2302232979659373 0.0006820369937316031
2.214855233726359 0.000721950073595141
2.1995930680300746 0.0007336564909038674
2.1844360711494275 0.000737299943471505
2.1693835183851844 0.0007385132283679335
2.1544346900318834 0.0007389614553723821
2.1497329517948605 0.0007390722033525775
2.1395888713434217 0.0008808487802205016
2.124845352498883 0.0009824806711740473
2.1102034285685956 0.0010110309816237539
2.095662399480433 0.001019543154124294
2.0812215699863383 0.0010222439971545947
2.066880249629082 0.001023173148283914
2.0538563181635525 0.001023531021899027
2.052637752709252 0.0010485342468648116
2.0384933982524633 0.001315944711362679
2.0244465099768036 0.0013878059512233139
2.010496416260498 0.0014083260965272045
1.9966424501097935 0.0014145510308588268
1.9828839491270713 0.001416573771825864
1.9692202554791725 0.0014173048677461847
1.9653044157683413 0.0014174741629268018
1.955650715865949 0.0017036261521374259
1.9421746814890255 0.0018904667808729528
1.9287915080207778 0.0019415201244579786
1.9155005555735278 0.001956343507282143
1.9023011886689447 0.0019609285886648797
1.8891927762076663 0.0019624682955303226
1.8777820077781744 0.0019630406500402682
1.8761746914391204 0.002032964959244375
1.8632463119315599 0.0025353099653702815
1.8504070195423021 0.0026664893518097816
1.8376562003881716 0.0027029359700578744
1.8249932448161523 0.0027137054818495137
1.8124175473742368 0.0027171173118312798
1.7999285067824764 0.0027183218488538597
1.7965596264175028 0.00271858824273294
1.7875255259042355 0.003286417240730784
1.7752080117176352 0.003634845124856957
1.7629753752872057 0.003727391902758951
1.7508270317357242 0.0037535439516055077
1.7387624002162505 0.003761424188634089
1.726780903884356 0.003764004320665124
1.7165707252681037 0.0037649358067924554
1.71488196987054 0.0039206721071752566
1.7030650292528444 0.004878394891492238
1.6913295170296478 0.005121260763911789
1.679674872092653 0.005186873825593191
1.6681005372000592 0.005205746499432625
1.6566059589499145 0.005211570821737842
1.6451905877536626 0.005213576023765208
1.6421911529242141 0.005214008287999674
1.6338538778098612 0.006324980341616502
1.622595287078087 0.006984298038458521
1.6114142772530191 0.007154419456135417
1.600310313738701 0.007201176977782925
1.589282865622978 0.007214892637246772
1.5783314056521174 0.007219266301056246
1.5690001039179964 0.007220809018385455
1.5674554102055953 0.007522718368457974
1.5566543592710613 0.009376386735313763
1.5459277364194777 0.00983256510239559
1.5352750287804227 0.009952325958038693
1.5246957270175738 0.009985836730532528
1.514189325304352 0.00999590286397431
1.5037553212997377 0.009999276822328547
1.5009919988585383 0.01

