0.012740453493826569 0.009999999999999998
0.012767507043192657 0.009928286106944994
0.01291549665014884 0.009545279458433649
0.013065201621247212 0.009187852380362155
0.01321664183946605 0.00885429640999465
0.013369837418249465 0.008543017198608435
0.013524808704178753 0.008252526889120869
0.013681576279674718 0.00798143700287862
0.013840160965731315 0.007728451801597121
0.014000583824680975 0.007492362092709967
0.014162866162991988 0.007272039448508628
0.014201684294036789 0.007220809018385456
0.014327029534098309 0.007007012743534088
0.014493095741262165 0.006741284414149214
0.014661086840469845 0.0064933022974967836
0.014831025143361043 0.0062618811654468545
0.015002933220192183 0.006045914952829299
0.015176833902834055 0.005844371469792033
0.015352750287804228 0.005656287467357548
0.015530705739334601 0.005480764032584554
0.015710723892474503 0.005316962291317394
0.015830572596838104 0.005214008287999674
0.01589282865622978 0.0051448901463954765
0.016077044216738237 0.004947329728447764
0.016263395040481923 0.004762962462511691
0.016451905877536623 0.004590907241356134
0.016642601764859034 0.004430341806248328
0.016835508029612024 0.004280498816306137
0.017030650292528444 0.004140662180399939
0.01722805447131394 0.004010163634066324
0.01742774678408919 0.0038883795450674686
0.017629753752872058 0.00377472793232308
0.017647469579383002 0.0037649358067924563
0.017834102207100078 0.0036316126257125436
0.018040819287193827 0.0034945369566073284
0.018249932448161522 0.003366614745438052
0.018461469463245478 0.0032472347047850336
0.018675458427610758 0.0031358263730933084
0.01889192776207666 0.0030318573878922624
0.019110906216891377 0.002934830941147034
0.01933242287555045 0.0028442834045759495
0.01955650715865949 0.0027597821135808896
0.01967100743498304 0.0027185882427329397
0.019783188827841646 0.002666426575749169
0.020012497989690365 0.002564508437710146
0.020244465099768037 0.002469395679492071
0.020479120966650853 0.002380633844286082
0.020716496756020688 0.002297798825779001
0.02095662399480433 0.0022204948410937137
0.02119953457536071 0.0021483525391207243
0.021445260759716672 0.002081027235197431
0.021693835183851838 0.00201819726369578
0.021929375012882515 0.0019630406500402682
0.021945290862033135 0.001958223725248664
0.022199661191199548 0.001882443003891992
0.022456979955397742 0.0018117220791545412
0.02271728133026905 0.0017457230799077339
0.022980599887588514 0.001684130698480824
0.02324697059985648 0.0016266506837387573
0.023516428844943486 0.0015730084348071862
0.02378901041078893 0.0015229476887221257
0.024064751500154243 0.001476229295730726
0.024343688735431104 0.0014326300763886934
0.0244442787395917 0.001417474162926802
0.024625859163505466 0.001382114679147596
0.024911300260677886 0.0013295280636352312
0.025200049937640922 0.0012804523329614376
0.02549214654451423 0.0012346530604476404
0.02578762887593801 0.001191911473891247
0.02608653617622548 0.0011520234101129667
0.0263889081445751 0.0011147983393272045
0.026694784940343205 0.0010800584546719703
0.027004207188377725 0.0010476378225462428
0.027250025057678925 0.0010235310218990267
0.02731721598441376 0.00101501475704566
0.027633852900531698 0.0009759106256653602
0.027954159990678563 0.0009394170374594981
0.02827817979625341 0.0009053596939374526
0.02860595535175742 0.0008735759352408792
0.028937530190509504 0.0008439139629157946
0.02927294835042816 0.0008162321145917539
0.029612254379880344 0.0007903981871013041
0.029955493343598132 0.0007662888048044468
0.030302710828663964 0.0007437888300989254
0.03037746263501058 0.0007390722033525775
0.03065395295056527 0.0007165243281597931
0.03100926635931927 0.0006893856322093009
0.031368698245668764 0.0006640585103288481
0.03173229634734976 0.0006404220184802945
0.032100108955431715 0.0006183632880252199
0.03247218492073129 0.0005977769864795751
0.03284857366030043 0.000578564814280117
0.033229325163989715 0.0005606350351575238
0.03361449000108765 0.0005439020378717387
0.03386364360856946 0.0005336699231206301
0.034004119327037056 0.00052621370056725
0.03439826489022925 0.0005060306644972998
0.034796979038876914 0.00048719476703852724
0.03520031472796678 0.0004696160778779453
0.035608325526292776 0.0004532106709250216
0.0360210656235707 0.0004379002233942103
0.03643858983763544 0.00042361164166023575
0.03686095362172158 0.0004102767120981333
0.037288213071828336 0.0003978317752394864
0.03772042493416997 0.0003862174216877189
0.03775314599399702 0.00038535285937105196
0.03815764661271249 0.00037153910109779886
0.03859993617679767 0.00035752984706733743
0.03904735236885559 0.0003444555453980889
0.03949995461220643 0.00033225378806701943
0.039957803018952694 0.00032086633339621575
0.04042095839796308 0.00031023882787445503
0.04088948226294862 0.0003003205465540986
0.041363436840632754 0.00029106415078282915
0.041842885079015825 0.0002824254621126166
0.04208534613073486 0.0002782559402207126
0.04232789065573551 0.00027286500839409034
0.042818517986524134 0.0002624448326800471
0.043314832233764006 0.00025271999808784706
0.04381689931514192 0.00024364409523882
0.044324785912403984 0.0002351738127766081
0.044838559480211884 0.00022726873053284053
0.045358288255101895 0.0002198911265033337
0.04588404126454759 0.00021300579671259054
0.046415888336127795 0.00020657988710595467
0.04692129639016912 0.00020092330025650462
0.0469539001068006 0.00020045165838177454
0.047498148032285026 0.00019270044152145763
0.04804870439655132 0.00018546639716357182
0.048605642321421366 0.00017871501130030143
0.04916903577628028 0.00017241407366760296
0.04973895958790065 0.00016653352395141683
0.050315489450380536 0.0001610453082621767
0.05089870193519682 0.0001559232451919641
0.05148867450137494 0.0001511429008144431
0.05208548550577663 0.00014668147203044022
0.05230749961631874 0.0001450828778495937
0.05268921421350674 0.00014153036712516865
0.0532999408084409 0.00013614867009125356
0.05391774640387503 0.00013112598886061614
0.05454271305329833 0.00012643836744492563
0.05517492376129125 0.00012206344868927263
0.05581446249454963 0.0001179803675471287
0.0564614141930367 0.00011416965148041108
0.05711586478126432 0.00011061312750891451
0.057777901179705035 0.00010729383546513943
0.05831828325191763 0.00010476157527896618
0.05844761131633634 0.00010397824443981336
0.05912508413831878 9.997418229286237e-05
0.0598104096238094 9.623718914221734e-05
0.06050367879391222 9.27494467716964e-05
0.061204983724767 8.949432602418795e-05
0.061914417559778445 8.645630743741786e-05
0.0626320745219869 8.362090717775296e-05
0.0633580499265825 8.097460791831771e-05
0.06409244019356454 7.850479433132032e-05
0.06483534286054723 7.619969288652815e-05
0.06501890280286576 7.56463327554629e-05
0.06558685659571431 7.343326067033197e-05
0.06634708121092346 7.065253662719598e-05
0.06711611767496284 6.805724749757615e-05
0.06789406812696108 6.563502361450009e-05
0.06868103588995304 6.33743206554478e-05
0.06947712548460236 6.126436456096768e-05
0.07028244264308349 5.929510012993572e-05
0.07109709432312435 5.745714304601049e-05
0.07192118872221188 5.5741735106219434e-05
0.07249156180431919 5.4622772176843374e-05
0.07275483529196229 5.39551603653336e-05
0.07359814475265766 5.188574414128692e-05
0.07445122910795139 4.995430018995691e-05
0.07531420165974372 4.815162648186555e-05
0.07618717702322995 4.6469134888795194e-05
0.07707027114212299 4.489881021849394e-05
0.07796360130405232 4.3433171983511765e-05
0.07886728615614151 4.2065238721655126e-05
0.07978144572076624 4.078849469773117e-05
0.08070620141149502 3.959685882762522e-05
0.0808288649524138 3.944206059437648e-05
0.08164167604921467 3.811616357152004e-05
0.08258799387844268 3.6678558336459305e-05
0.08354528058382865 3.533677662612378e-05
0.08451366330684718 3.408442887805671e-05
0.08549327066268379 3.291555172506466e-05
0.08648423275731722 3.1824579559672225e-05
0.08748668120479908 3.0806317996204086e-05
0.08850074914473434 2.9855919103833332e-05
0.08952657125996397 2.8968858292391482e-05
0.0901214330299186 2.848035868435793e-05
0.0905642837944529 2.8010264623059265e-05
0.09161402457138516 2.6940063936819722e-05
0.09267593301146879 2.5941178996827825e-05
0.09375015015145285 2.5008855455003654e-05
0.09483681866285923 2.4138656029946477e-05
0.09593608287093142 2.332643935556171e-05
0.09704808877380301 2.2568340241034123e-05
0.09817298406188835 2.1860751247954315e-05
0.09931091813749796 2.120030549669323e-05
0.10046204213468131 2.0583860619987025e-05
0.10049751586391746 2.0565123083486515e-05
0.10162650893929953 1.97942409082363e-05
0.10280447320933098 1.905049313953809e-05
0.10399609139541202 1.8356291091415547e-05
0.1052015217616159 1.7708332623560884e-05
0.10642092440647245 1.710353576579572e-05
0.10765446128423159 1.653902403335137e-05
0.10890229622637304 1.601211272184951e-05
0.11016459496336568 1.5520296116606666e-05
0.11144152514667881 1.5061235555249819e-05
0.11205705989663706 1.4849682622544636e-05
0.11273325637104871 1.4549253217348937e-05
0.1140399601970033 1.3995366232822107e-05
0.11536181017364784 1.3478365180292942e-05
0.11669898186171473 1.2995792335661205e-05
0.11805165285688055 1.2545353806785328e-05
0.11942000281335324 1.2124908608400103e-05
0.1208042134677329 1.1732458465794543e-05
0.12220446866314887 1.1366138298625216e-05
0.12362095437367691 1.1024207339485455e-05
0.12496939361183118 1.0722672220103207e-05
0.12505385872903912 1.0698254768846954e-05
0.1265033720395904 1.0285671518072177e-05
0.12796968682159415 9.900554193392046e-06
0.12945299782279163 9.541073278073451e-06
0.13095350204826675 9.205521180612606e-06
0.13247139878661174 8.892304105878563e-06
0.13400688963639507 8.599934468400077e-06
0.1355601785329369 8.327023811627837e-06
0.13713147177539456 8.072276199417699e-06
0.13872097805416211 7.834482048232853e-06
0.13935963080796337 7.742636826811277e-06
0.1403289084785873 7.562429240909082e-06
0.14195547660501015 7.275482214195115e-06
0.14360089846512605 7.00762883063082e-06
0.1452653925946781 6.757597729323802e-06
0.1469491800624817 6.5242022509333935e-06
0.14865248449978571 6.306334792005403e-06
0.15037553212997384 6.1029615357559885e-06
0.15211855179861047 5.913117534195137e-06
0.15388177500383463 5.735902118155692e-06
0.15543260462935715 5.590810182512223e-06
0.1556654359271062 5.562647729934888e-06
0.15746977146430863 5.3487876612486105e-06
0.1592950212572123 5.149151512119987e-06
0.161141427725302 4.962792531317613e-06
0.1630092360979741 4.788827023073963e-06
0.16489869444710648 4.626430145302336e-06
0.1668100537200059 4.474831987925153e-06
0.16874356777273758 4.3333139126333555e-06
0.17069949340384077 4.2012051366428e-06
0.1726780903884356 4.077879544176479e-06
0.17335733221909572 4.037017258596549e-06
0.17467962151272456 3.934169298041688e-06
0.17670435260889467 3.785330593171068e-06
0.17875255259042355 3.6463855955706875e-06
0.1808244934877952 3.51667608383358e-06
0.18292045048462938 3.3955876583323876e-06
0.18504070195423022 3.282546822041293e-06
0.18718552949655792 3.17701825591225e-06
0.1893552179756295 3.0785022758338283e-06
0.1915500555573528 2.986532459066265e-06
0.19337673690031856 2.91505306282517e-06
0.19377033374779887 2.895138903712236e-06
0.19601634743191856 2.78413383214428e-06
0.19828839491270714 2.680503332794897e-06
0.2005867779508234 2.5837570127318543e-06
0.2029118018046678 2.4934371146517854e-06
0.2052637752709252 2.409116343572464e-06
0.20764301072557748 2.3303958383301486e-06
0.21004982416539153 2.2569032782295508e-06
0.21248453524988828 2.1882911158375313e-06
0.21494746734379805 2.1242349275124e-06
0.2157158854803805 2.104904144512022e-06
0.21743894756000798 2.0488546484132045e-06
0.21995930680300743 1.9715328259454125e-06
0.22250887981283696 1.8993441624347124e-06
0.2250880052095462 1.8319475155178623e-06
0.227697025538168 1.7690244347601592e-06
0.23033628731421313 1.7102776511413095e-06
0.23300614106969247 1.6554296671513263e-06
0.23570694139967274 1.6042214407917817e-06
0.23843904700937205 1.5564111572247847e-06
0.24067009765494723 1.519911082952933e-06
0.24120282076180075 1.5086408766602045e-06
0.243998629725955 1.4509235348633531e-06
0.24682684522556925 1.3970350888171049e-06
0.24968784288843268 1.3467212274433178e-06
0.25258200269627845 1.2997445474617324e-06
0.2555097090352507 1.2558834283623816e-06
0.2584713507469564 1.214930982286741e-06
0.2614673211801092 1.1766940738270805e-06
0.26449801824277197 1.140992405086163e-06
0.2675638444552045 1.1076576616498463e-06
0.26852998263686345 1.0974987654930544e-06
0.2706652070033241 1.0684631684778647e-06
0.27380251779278575 1.0282158293555125e-06
0.27697619350368907 9.90636021030754e-07
0.28018665564591955 9.5554670106676e-07
0.28343433061513096 9.227825904116615e-07
0.28671964974937697 8.921893910726876e-07
0.29004304938639913 8.636230558586466e-07
0.2934049709215787 8.369491067231237e-07
0.2968058608665602 8.120419984717884e-07
0.2996668960000478 7.924828983539153e-07
0.30024617090855493 7.873610712406529e-07
0.30372635797033115 7.572851326218808e-07
0.30724688427090036 7.292007407968028e-07
0.3108082173869064 7.029758177273082e-07
0.3144108303147265 6.78487055704736e-07
0.318055201533292 6.556193343767096e-07
0.32174181506763716 6.342651765577528e-07
0.3254711605531848 6.143242402416697e-07
0.3292437333007769 5.957028444056908e-07
0.33306003436245885 5.783135263569055e-07
0.3344435018845177 5.72236765935022e-07
0.3369205705980267 5.581633603265766e-07
0.34082585474234517 5.371619520815287e-07
0.34477640547344646 5.175495892479173e-07
0.34877274748141773 4.992342382620792e-07
0.35281541153808826 4.821299720952087e-07
0.356904934567523 4.661565646048878e-07
0.3610418597173337 4.5123911185913336e-07
0.36522673643081754 4.373076786380802e-07
0.36946012051993027 4.242969684379217e-07
0.3733468562135366 4.1320124001153343e-07
0.3737425742391064 4.117398738466916e-07
0.3780746663599349 3.9602401903608185e-07
0.38245697224669994 3.8134639451128243e-07
0.3868900739327975 3.676382764635531e-07
0.39137456019803835 3.5483549741316837e-07
0.39591102664684585 3.428781437343251e-07
0.400500075787361 3.3171027328159677e-07
0.4051423171114647 3.2127965178087023e-07
0.40983836717572614 3.115375067366972e-07
0.4145888496832911 3.024382976910652e-07
0.4168107313334325 2.9836472402833343e-07
0.41939439556671865 2.92236293999332e-07
0.4242556430717777 2.8124294354505393e-07
0.4291732378422157 2.709747644283945e-07
0.4341478330055093 2.613838128989843e-07
0.4391800892596086 2.5242532071756355e-07
0.4442706749606883 2.4405748451731273e-07
0.4494202662119142 2.3624126915426598e-07
0.45462954695324 2.2894022411682162e-07
0.4598992090522438 2.2212031212624476e-07
0.4652299523960189 2.157497491178151e-07
0.46549015284816386 2.1544346900318777e-07
0.4706224849841281 2.0762631978537226e-07
0.47607752302263684 1.9992781754936552e-07
0.4815957910192351 1.927362821310195e-07
0.48717802187946313 1.860182418984453e-07
0.4928249570040514 1.7974243971745573e-07
0.4985373463873894 1.7387968619291135e-07
0.5043159487171359 1.6840272264938202e-07
0.5101615314749833 1.6328609320407188e-07
0.5160748710385907 1.5850602532797467e-07
0.5199187589693453 1.5556761439304723e-07
0.5220567527846975 1.5345248289218514e-07
0.528107971193433 1.4767462742849245e-07
0.5342293299538352 1.4227659846080717e-07
0.5404216420705914 1.3723335350040547e-07
0.546685729972018 1.325215050099793e-07
0.55302242561929 1.2811921082829272e-07
0.5594325706169377 1.2400607186105213e-07
0.5659170163246242 1.201630365555417e-07
0.5724766239702178 1.1657231170864215e-07
0.5791122647641758 1.1321727918778221e-07
0.5809165053755022 1.1233240329780265e-07
0.5858248200152536 1.0921642956167813e-07
0.5926151812475551 1.0515984031253149e-07
0.5994842503189408 1.0136933785896365e-07
0.6064329395408061 9.782740950369348e-08
0.6134621717992506 9.451769824932608e-08
0.62057288067765 9.142492636710112e-08
0.62776601058065 8.853482402918833e-08
0.6350425168595961 8.583406266859173e-08
0.642403365939419 8.331019275304056e-08
0.6493067489026542 8.111308307896855e-08
0.6498495354469889 8.088942753221975e-08
0.6573820143409584 7.783685246132928e-08
0.6650018030431118 7.498405416207225e-08
0.6727099135712337 7.231790775727696e-08
0.6805073696735207 6.982615325931098e-08
0.6883952069645496 6.7497338438318e-08
0.6963744730628222 6.532076547178944e-08
0.7044462277299036 6.328644112479833e-08
0.7126115430111746 6.13850302268627e-08
0.7208715033782136 5.960781222693959e-08
0.7259581396503505 5.8570208180566726e-08
0.7292272058728313 5.7706637967827894e-08
0.7376797602527732 5.555627566630089e-08
0.7462302891391108 5.35462390444414e-08
0.7548799281653431 5.166732993264952e-08
0.7636298261282242 4.991095519297659e-08
0.7724811451403399 4.8269086811411296e-08
0.781435060784454 4.673422462834092e-08
0.7904927622696419 4.529936153246973e-08
0.7996554525892345 4.395795095506466e-08
0.8089243486805938 4.270387651221773e-08
0.8120735729425117 4.229242874389499e-08
0.818300681586739 4.1238523164834054e-08
0.8277856966198472 3.97204516163433e-08
0.8373806535266488 3.830111389868707e-08
0.8470868266557402 3.6974054993686314e-08
0.8569055051268347 3.5733243597717363e-08
0.8668379930019774 3.457304422029123e-08
0.8768856094587427 3.348819112460371e-08
0.8870496889654402 3.247376398820394e-08
0.8973315814583519 3.152516517000439e-08
0.9077326525210223 3.063809847739275e-08
0.9089232385857597 3.053855508833412e-08
0.9182542835656282 2.952758006845791e-08
0.9288978720164497 2.8453208657920325e-08
0.9396648314954692 2.7448442153816e-08
0.9505565920101191 2.650874358171829e-08
0.9615746001432097 2.5629873073243393e-08
0.9727203192450538 2.48078683389503e-08
0.9839952296278227 2.403902642837578e-08
0.9954008287621519 2.3319886692164206e-08
1.0069386314760271 2.264721486688051e-08
1.0179523001911157 2.205130739903041e-08
1.0186101701559753 2.2005164105952887e-08
1.0304169949505875 2.119001084186999e-08
1.042360673976401 2.042745501000767e-08
1.0544427935261682 1.9714078831857848e-08
1.0666649582795387 1.9046687800134944e-08
1.0790287915161836 1.8422296032878735e-08
1.0915359353313911 1.7838112591434737e-08
1.1041880508541602 1.7291528698710115e-08
1.1169868184678227 1.6780105798309113e-08
1.1299339380332216 1.6301564399079086e-08
1.1408968256142844 1.5922827933410936e-08
1.1430311291144788 1.5827195601950442e-08
1.1562801312073754 1.5246883849758792e-08
1.1696827039703845 1.4703820806988418e-08
1.183240627458378 1.4195595636796577e-08
1.196955702359043 1.3719954508643518e-08
1.2108297502320393 1.3274790324357813e-08
1.2248646137509307 1.2858133119021757e-08
1.2390621569479157 1.2468141092219403e-08
1.2534242654613994 1.2103092228126155e-08
1.2679528467864338 1.1761376465660435e-08
1.279932217830897 1.1497569953977355e-08
1.2826498305280598 1.1419903349921523e-08
1.2975171686575868 1.1005174165511843e-08
1.3125568357718427 1.0616901649893937e-08
1.3277708293554293 1.0253381343205364e-08
1.3431611700460153 9.913019395337402e-09
1.358729901902709 9.594325348296557e-09
1.3744790926775365 9.295905391578887e-09
1.3904108340900696 9.016456059451478e-09
1.4065272421052364 8.754758341086725e-09
1.422830457214352 8.509672176410668e-09
1.4376443812593418 8.302175681319736e-09
1.4393226447194065 8.271646735120055e-09
1.4560059950206488 7.973906113245526e-09
1.472882723907502 7.695021136755622e-09
1.4899550728528537 7.433783579243463e-09
1.5072253093107553 7.189063300672944e-09
1.524695727017573 6.95980316838246e-09
1.5423686462966275 6.745014310095264e-09
1.5602464143663677 6.5437716771485985e-09
1.5783314056521165 6.355209897588204e-09
1.596626022101425 6.1785194001143355e-09
1.6151326935030912 6.0129427911168625e-09
1.6171973846063006 5.994842503189421e-09
1.633853877809862 5.805014694927608e-09
1.6527920614648952 5.6036120361656355e-09
1.67194975973199 5.4148423102887076e-09
1.6913295170296487 5.237901716675964e-09
1.710933907269015 5.072038131943882e-09
1.7307655341957258 4.916547762515762e-09
1.750827031735725 4.770772015306131e-09
1.7711210643450885 4.634094572244017e-09
1.7916503273639013 4.5059386552968554e-09
1.8124175473742377 4.385764469532968e-09
1.8227174443488545 4.328761281083061e-09
1.8334254825622907 4.251630770689639e-09
1.8546769230846993 4.105256627962292e-09
1.8761746914391213 3.967968872873372e-09
1.8979216428391015 3.839193798301167e-09
1.9199206655932848 3.718394378866853e-09
1.9421746814890266 3.6050679053274617e-09
1.9646866461804464 3.498743772604334e-09
1.987459549580984 3.398981411420048e-09
2.0104964162604992 3.305368354174265e-09
2.0338003058469822 3.217518426303174e-09
2.0573743134329137 3.1350700549410935e-09
2.0601072993883487 3.1257158496882354e-09
2.0812215699863392 3.0315004199821556e-09
2.105345242766706 2.930903138072926e-09
2.129748535745521 2.836467405598306e-09
2.1544346900318843 2.747808237018273e-09
2.1794069843029558 2.66456509531726e-09
2.2046687352394096 2.5864003247995342e-09
2.2302232979659387 2.5129976852966024e-09
2.2560740664968617 2.4440609811975505e-09
2.2822244741868984 2.3793127791448715e-09
2.3086779941871693 2.3184932086418306e-09
2.335438139906479 2.2613588401945636e-09
2.33751234935181 2.257019719633917e-09
2.3625084654779474 2.188692079969788e-09
2.38989256623105 2.1188471808759407e-09
2.4175940791691306 2.0532170460890226e-09
2.4456166834524464 1.991542006037137e-09
2.473964100886814 1.9335787743359e-09
2.5026400964179194 1.8790994072706013e-09
2.5316484786313556 1.827890330568051e-09
2.560993100258459 1.7797514291400621e-09
2.5906778586880086 1.7344951957677787e-09
2.6207066964838526 1.6919459349655435e-09
2.651083601908539 1.6500823250309716e-09
2.6651494239726308 1.62975083462064e-09
2.6818126094530155 1.5984304181379276e-09
2.712897800372467 1.542678061319319e-09
2.7443433032283653 1.4904138196978567e-09
2.7761532944368006 1.4414161544097997e-09
2.8083319988231725 1.3954777514899574e-09
2.840883690183304 1.3524046013241406e-09
2.8738126918510662 1.312015138041429e-09
2.9071233772725784 1.2741394349252973e-09
2.940820170587064 1.2386184521800512e-09
2.9749075472144404 1.2053033336296372e-09
3.0061718138875198 1.1768119524349945e-09
3.0093900344497215 1.1729935391831686e-09
3.044272212064303 1.1323990999373879e-09
3.079558712914227 1.0943168897853657e-09
3.1152542235554876 1.058588638802764e-09
3.1513634848664793 1.0250661815041157e-09
3.1878912926776457 9.93610805961602e-10
3.2248424984084414 9.640926451623375e-10
3.2622220097116696 9.36390107849393e-10
3.3000347911252854 9.103893462723693e-10
3.338285864731761 8.859837584420099e-10
3.376980310825091 8.630735226409709e-10
3.4006643862622408 8.497534359086438e-10
3.4161232685855283 8.384136070921436e-10
3.455719936762139 8.104471780794385e-10
3.495775574363275 7.841874197416728e-10
3.536295501355043 7.595279989892216e-10
3.5772850993678733 7.36369324051045e-10
3.6187498124112807 7.146181130097114e-10
3.6606951475969023 6.941869902360361e-10
3.7031266758699273 6.749941089128215e-10
3.7460500327489927 6.56962797955844e-10
3.7894709190746676 6.400212317511627e-10
3.8333951017666017 6.241021212315262e-10
3.8640762642083004 6.135907273413163e-10
3.877828414589458 6.074303339306245e-10
3.9227767589277196 5.879597368229188e-10
3.9682461045694817 5.696593829052932e-10
4.0142424904993215 5.524574633562618e-10
4.060772025700365 5.362866934476257e-10
4.1078408899656464 5.210840260170877e-10
4.155455334718876 5.067903834857936e-10
4.203621683844713 4.933504072368091e-10
4.252346334528681 4.807122232500273e-10
4.301635758106794 4.688272229637384e-10
4.35149650092505 4.576498584033826e-10
4.401935185208875 4.4713745068431446e-10
4.4223075273405525 4.430621457583887e-10
4.452958509942656 4.350129996231707e-10
4.504573251759458 4.2213364316385836e-10
4.556786265841064 4.1001930255650754e-10
4.609604486828434 3.986244457032987e-10
4.663034929742731 3.8790642822507594e-10
4.717084690917017 3.778253179858188e-10
4.771760948938746 3.683437316956752e-10
4.827070965603183 3.594266829557428e-10
4.8830220868778795 3.510414411758402e-10
4.9396217438783205 3.4315740086605203e-10
4.996877453854884 3.3574596087521644e-10
5.05479682119124 3.2878041322651646e-10
5.113387538414326 3.2223584128409543e-10
5.135016028067333 3.199267137797384e-10
5.172657387216018 3.1461195376876517e-10
5.2326142394866615 3.0662024627128497e-10
5.293266058360561 2.9821437000666984e-10
5.354620899273607 2.886742270367539e-10
5.4166869110331515 2.7971650921782913e-10
5.479472336900287 2.7130489810910285e-10
5.542985515684668 2.6340537872280736e-10
5.607234882852032 2.5598609197083713e-10
5.672228971644544 2.4901719665464283e-10
5.737976414214135 2.4247074037837043e-10
5.804485942768978 2.3632053880582736e-10
5.865983056351807 2.310129700083158e-10
5.871766390733256 2.3036081692228958e-10
5.939826693920357 2.2284125737138385e-10
6.008675891719687 2.1577485570726195e-10
6.07832312829723 2.0913367756207202e-10
6.148777653810023 2.0289154979003404e-10
6.220048825634711 1.9702394844812395e-10
6.292146109610344 1.91507894009674e-10
6.365079081295571 1.8632185334465048e-10
6.438857427240419 1.8144564803111352e-10
6.513490946272802 1.7686036859115295e-10
6.588989550799949 1.732254701057624e-10
6.6653632681249135 1.6870728929494183e-10
6.698407793631281 1.6681005372000558e-10
6.742622241778342 1.6385792269779992e-10
6.820776732865685 1.5888896034289904e-10
6.899837121430018 1.5421467388211133e-10
6.97981390783066 1.5338522806063088e-10
7.060717714137772 1.489916656367427e-10
7.142559285543126 1.4481502466073093e-10
7.225349491787215 1.4083777961654129e-10
7.309099328602912 1.3881052763113104e-10
7.393819919175865 1.3555257859656068e-10
7.479522515621821 1.324822430698968e-10
7.566218500481055 1.2958797729296194e-10
7.653919388230147 1.2685894132217056e-10
7.74263682681127 1.24284957789833e-10
7.832382599179197 1.2185647431496207e-10
7.8838567236453905 1.2045035402587787e-10
7.923168624866254 1.1908130219469788e-10
8.015006961565405 1.1536847198754236e-10
8.107909806731687 1.1187483072183476e-10
8.201889499202203 1.0858586916348082e-10
8.296958520834906 1.0548792360614514e-10
8.393129498166363 1.025681141778758e-10
8.490415204088746 9.981428625438525e-11
8.588828559546249 9.721495463889976e-11
8.688382635251184 9.475925017143744e-11
8.789090653419954 9.243686842994979e-11
8.890965989529159 9.023802017079986e-11
8.994022174092045 8.815338312906151e-11
9.055075296178867 8.697490026177835e-11
9.098272894455558 8.594236992252293e-11
9.20373199661822 8.353352342823293e-11
9.310413487069075 8.126554561207488e-11
9.418331534647951 7.912926319358938e-11
9.52750047242729 7.711603900333674e-11
9.637934799615785 7.521773529717464e-11
9.749649183484086 7.3426679402741e-11
9.86265846131282 7.173563159991478e-11
9.9769776423632 7.013775517107869e-11
10.092621909870484 6.862658859008823e-11
10.209606623060475 6.719601987296934e-11
10.327947319189525 6.584026316945871e-11
10.447659715608053 6.455383776042995e-11
10.56875971184805 6.333154974265042e-11
10.623860298885687 6.280291441834247e-11
10.691263391734772 6.203964500169198e-11
10.815187025522892 6.072855102468462e-11
10.940547072057434 5.95076973441121e-11
11.067360180959744 5.837332001513578e-11
11.195643194838794 5.7322217858795e-11
11.325413151528128 5.6351793370967666e-11
11.456687286348727 5.5460111450091694e-11
11.589483034398118 5.464598114745592e-11
11.723818032865998 5.3909067601977946e-11
11.859710123376706 5.3250044104499837e-11
11.997177354358856 5.2670798255515806e-11
12.136237983442419 5.21747120590453e-11
12.276910479883604 5.1767044543761864e-11
12.419213527017845 5.1455458727655086e-11
12.563166024741214 5.12507551291837e-11
12.708787092020593 5.1167906099446157e-11
12.856096069432963 5.122753688654841e-11
13.005112521734098 5.145808463059627e-11
13.155856240457052 5.1899011506431657e-11
13.30834724654076 5.195102073855917e-11
13.462605792989109 5.217225254669554e-11
13.618652367560827 5.2662863602730175e-11
13.77650769549055 5.3513244608631084e-11
13.936192742241435 5.48630526417708e-11
14.097728716289676 5.693664364750235e-11
14.261137071941295 6.011353226359672e-11
14.358148608970719 6.280291441834247e-11
14.421263065615484 8.697490026177835e-11
14.261137071941297 1.0672005535976479e-10
14.182056963816311 1.2045035402587787e-10
14.097728716289676 1.29955145014984e-10
13.936192742241435 1.4994200903566427e-10
13.82096167280146 1.6681005372000558e-10
13.77650769549055 1.7322497362182578e-10
13.618652367560827 1.9647825229843165e-10
13.462605792989109 2.20214189999838e-10
13.398719997762505 2.310129700083158e-10
13.308347246540762 2.492633616384894e-10
13.155856240457052 2.790298949094725e-10
13.005112521734098 3.095779652481234e-10
12.957728338848705 3.199267137797384e-10
12.856096069432962 3.5104730770803524e-10
12.708787092020595 3.9198958329282466e-10
12.563166024741214 4.2888114018537757e-10
12.509583343235157 4.4306214575838866e-10
12.419213527017845 4.828731399319664e-10
12.276910479883604 5.381786922012435e-10
12.136237983442419 5.851338384140985e-10
12.04861798348217 6.135907273413163e-10
11.997177354358854 6.467281351293933e-10
11.859710123376708 7.272163820987374e-10
11.723818032865998 7.911599246162899e-10
11.58948303439812 8.45797478736852e-10
11.580522051232563 8.497534359086438e-10
11.456687286348728 9.663329246312723e-10
11.325413151528128 1.0609249974563464e-09
11.195643194838794 1.1360032043902882e-09
11.120753738895335 1.1768119524349943e-09
11.067360180959744 1.2516773554236514e-09
10.940547072057434 1.4059206755198432e-09
10.815187025522892 1.51891695497622e-09
10.691263391734772 1.6082943039863556e-09
10.662338443296463 1.62975083462064e-09
10.56875971184805 1.8229575138640456e-09
10.447659715608053 2.012128381410604e-09
10.327947319189525 2.149179812798758e-09
10.209606623060475 2.2569320394995267e-09
10.209519781150904 2.257019719633917e-09
10.092621909870484 2.6131145116054822e-09
9.9769776423632 2.8491537192840022e-09
9.86265846131282 3.017813940539312e-09
9.775300038489457 3.1257158496882354e-09
9.749649183484086 3.244029615204878e-09
9.637934799615785 3.7058577149678034e-09
9.52750047242729 4.005442953824794e-09
9.418331534647951 4.215969353098479e-09
9.350933917334554 4.328761281083061e-09
9.310413487069077 4.605784032515243e-09
9.20373199661822 5.216022345375447e-09
9.098272894455558 5.602858550625387e-09
8.994022174092045 5.869399760932477e-09
8.938597435333145 5.994842503189421e-09
8.890965989529159 6.478055739768795e-09
8.789090653419954 7.300847478015366e-09
8.688382635251184 7.809231473727488e-09
8.588828559546249 8.151622398626e-09
8.539534342712619 8.302175681319736e-09
8.490415204088746 9.042329054571618e-09
8.393129498166363 1.0175034731893174e-08
8.296958520834906 1.0855506232870658e-08
8.201889499202203 1.1302033184505641e-08
8.154324564115857 1.1497569953977357e-08
8.107909806731687 1.2537270226912783e-08
8.015006961565405 1.4130605489036255e-08
7.923168624866254 1.5059072463801237e-08
7.832382599179197 1.566579586972616e-08
7.788086664981504 1.5922827933410936e-08
7.74263682681127 1.7476409345957467e-08
7.653919388230147 1.9738357718146355e-08
7.566218500481055 2.09949333671386e-08
7.479522515621821 2.176431985203213e-08
7.442761759172623 2.205130739903041e-08
7.393819919175867 2.4526157204427396e-08
7.309099328602911 2.7561490650257415e-08
7.225349491787214 2.9205567056935154e-08
7.142559285543126 3.0189608143527716e-08
7.10928240176421 3.053855508833412e-08
7.060717714137773 3.417429631630497e-08
6.97981390783066 3.834951289728179e-08
6.899837121430018 4.054904756910741e-08
6.820776732865685 4.183146403599027e-08
6.7879817458802965 4.229242874389499e-08
6.742622241778341 4.732267732642534e-08
6.6653632681249135 5.3207126756982865e-08
6.588989550799949 5.621554872446948e-08
6.513490946272802 5.791853067232467e-08
6.47881904069676 5.8570208180566726e-08
6.4388574272404195 6.513750432889496e-08
6.365079081295571 7.363384744072908e-08
6.292146109610344 7.784129816868402e-08
6.220048825634711 8.014677296252258e-08
6.181496040608527 8.111308307896855e-08
6.148777653810023 8.908339193734279e-08
6.07832312829723 1.0165234363389757e-07
6.008675891719687 1.0767161555725278e-07
5.939826693920357 1.1085595495066349e-07
5.8955194690301385 1.1233240329780266e-07
5.871766390733256 1.209109717407795e-07
5.804485942768978 1.3996626905123487e-07
5.737976414214134 1.487797301239737e-07
5.672228971644544 1.532714785652713e-07
5.620226276474547 1.5556761439304723e-07
5.607234882852032 1.62524221562026e-07
5.542985515684668 1.921411719301671e-07
5.479472336900287 2.0535692880540645e-07
5.4166869110331515 2.118346826351652e-07
5.3547783642566396 2.1544346900318777e-07
5.354620899273607 2.1556848839946562e-07
5.293266058360561 2.6278249047397683e-07
5.2326142394866615 2.83658802204225e-07
5.172657387216018 2.9335750507346267e-07
5.113976187448382 2.9836472402833343e-07
5.113387538414326 2.990804840869523e-07
5.05479682119124 3.6779163107017374e-07
4.996877453854884 3.9518735871753196e-07
4.9396217438783205 4.0731337732511023e-07
4.888916123623463 4.1320124001153343e-07
4.8830220868778795 4.237140658347224e-07
4.827070965603183 5.143020620273631e-07
4.771760948938746 5.497177264849389e-07
4.717084690917017 5.651208954582929e-07
4.6720553379919085 5.72236765935022e-07
4.663034929742731 5.958391994400825e-07
4.609604486828434 7.17286789367256e-07
4.556786265841064 7.638007383799548e-07
4.504573251759458 7.836500229130023e-07
4.463475388166275 7.924828983539154e-07
4.452958509942656 8.32854078804298e-07
4.401935185208875 9.98300746159614e-07
4.35149650092505 1.0603173810687857e-06
4.301635758106794 1.0862455665613971e-06
4.26308779900609 1.0974987654930544e-06
4.252346334528681 1.157996726222515e-06
4.203621683844713 1.3869715148125333e-06
4.155455334718876 1.4708898409553049e-06
4.1078408899656464 1.505210709857652e-06
4.070698290009917 1.519911082952933e-06
4.060772025700365 1.601946882247386e-06
4.0142424904993215 1.923940991240286e-06
3.9682461045694826 2.039200345216481e-06
3.9227767589277196 2.085240256720246e-06
3.886042880774853 2.104904144512022e-06
3.8778284145894575 2.2045344655127143e-06
3.8333951017666017 2.664811274239981e-06
3.7894709190746676 2.8255529651420267e-06
3.7460500327489927 2.888165184862997e-06
3.7088073416779244 2.91505306282517e-06
3.7031266758699264 3.016179172704518e-06
3.6606951475969023 3.685381175987493e-06
3.6187498124112802 3.913131032008039e-06
3.5772850993678733 3.99950615453928e-06
3.5386358732973986 4.037017258596549e-06
3.536295501355043 4.09817586853718e-06
3.495775574363275 5.088485729144857e-06
3.455719936762139 5.4165561528575244e-06
3.4161232685855283 5.537519628510892e-06
3.376980310825091 5.589785247837367e-06
3.3763484371371906 5.590810182512223e-06
3.338285864731761 7.012712074598055e-06
3.3000347911252854 7.49354943693216e-06
3.2622220097116696 7.665673381582701e-06
3.224842498408442 7.737579506076514e-06
3.2225207777399496 7.742636826811277e-06
3.1878912926776457 9.643064439635234e-06
3.1513634848664793 1.0360731141735262e-05
3.1152542235554876 1.0609830309187861e-05
3.079558712914227 1.0710213526470875e-05
3.0752831821936177 1.0722672220103207e-05
3.044272212064303 1.3223081334229623e-05
3.009390034449721 1.4314855339690201e-05
2.9749075472144404 1.468187726000391e-05
2.940820170587064 1.4824274150141638e-05
2.9342749948464855 1.4849682622544636e-05
2.9071233772725784 1.8066528997039057e-05
2.8738126918510667 1.976100682120568e-05
2.840883690183304 2.031213879138587e-05
2.8083319988231725 2.0517688960626285e-05
2.799119504549685 2.0565123083486515e-05
2.7761532944368006 2.4563668147457658e-05
2.7443433032283653 2.7249345869392293e-05
2.712897800372467 2.8093690649927602e-05
2.6818126094530155 2.8396073127939194e-05
2.669412594753587 2.848035868435793e-05
2.651083601908539 3.3170201483847655e-05
2.620706696483852 3.7649875162252446e-05
2.5906778586880086 3.894221844643447e-05
2.560993100258459 3.935592814308198e-05
2.553158174023668 3.944206059437648e-05
2.5316484786313556 4.7790478746566263e-05
2.5026400964179194 5.2757965208231256e-05
2.473964100886814 5.412327498471453e-05
2.4456166834524464 5.4568054309155375e-05
2.4421498694143406 5.462277217684337e-05
2.4175940791691306 6.846358884155098e-05
2.38989256623105 7.370972737504597e-05
2.3625084654779474 7.515514478813257e-05
2.335438139906479 7.56369237552098e-05
2.3350228957395234 7.56463327554629e-05
2.3086779941871693 9.721097980288309e-05
2.2822244741868984 0.00010275577877892873
2.2560740664968617 0.00010428993888311194
2.2368616930420244 0.00010476157527896618
2.2302232979659387 0.00011283889105012646
2.2046687352394096 0.00013714723212922272
2.1794069843029558 0.00014301300935369663
2.1544346900318843 0.00014464651582771278
2.1420390628240518 0.0001450828778495937
2.129748535745521 0.00016679866191907056
2.105345242766706 0.0001925861004115079
2.0812215699863392 0.00019879798671173528
2.0573743134329137 0.00020054405292654724
2.049861148726368 0.0002009233002565046
2.0338003058469822 0.00024213059685548665
2.0104964162604992 0.00026950207743257524
1.987459549580984 0.0002760886759781945
1.9646866461804466 0.0002779639928273943
1.960652838948032 0.0002782559402207126
1.9421746814890266 0.0003470997583136701
1.9199206655932848 0.0003761696037633205
1.8979216428391015 0.0003831638593741104
1.8761746914391213 0.00038518977169071716
1.874602977461653 0.00038535285937105196
1.8546769230846993 0.0004931550945763053
1.8334254825622907 0.0005240482946112032
1.8124175473742377 0.0005314886463707683
1.7923466024679324 0.0005336699231206301
1.7916503273639013 0.0005392537384104967
1.7711210643450885 0.0006961550787678897
1.7508270317357253 0.0007290088698597154
1.7307655341957258 0.0007369407864364624
1.717068981877092 0.0007390722033525775
1.7109339072690153 0.0008105099541827268
1.6913295170296487 0.0009780650902779838
1.6719497597319901 0.0010130309153584891
1.6527920614648954 0.0010215089479116053
1.6437167952552953 0.0010235310218990267
1.633853877809862 0.0011902827366689018
1.6151326935030912 0.0013693081042355953
1.596626022101425 0.0014065540714003951
1.5783314056521165 0.0014156446071522774
1.5725960408548167 0.001417474162926802
1.560246414366368 0.0017206362533204098
1.5423686462966273 0.0019120201357503421
1.524695727017573 0.0019517341360828933
1.5072253093107555 0.001961519101129408
1.5038934415801293 0.0019630406500402682
1.4899550728528537 0.002459848303695481
1.472882723907502 0.0026645586625780476
1.4560059950206488 0.002706952362683909
1.4393226447194065 0.0027175342115929556
1.437710237368232 0.0027185882427329397
1.422830457214352 0.0034886527653796872
1.4065272421052364 0.003707746274381786
1.3904108340900696 0.003753060274354075
1.3744790926775365 0.003764568725005145
1.3740867764815454 0.0037649358067924563
1.358729901902709 0.0049188848454181314
1.3431611700460153 0.005153517404732094
1.3277708293554291 0.005202027954077489
1.3150480133386182 0.005214008287999674
1.3125568357718427 0.0054905874346515
1.2975171686575868 0.006905453954382436
1.2826498305280598 0.007156893046939261
1.2679528467864338 0.007208920849014759
1.2591206586126433 0.007220809018385457
1.2534242654613994 0.00813897253974661
1.2390621569479157 0.009662924968300473
1.2248646137509307 0.009932564331516496
1.2108297502320393 0.00998848615422107
1.2048450493351361 0.01

