0.002744645132581729 0.01
0.002757023325609582 0.009847985116873114
0.0027889802923804397 0.009470179073317118
0.002821307675939471 0.00911761433778716
0.0028540097698292375 0.008788604532730252
0.0028870909173592347 0.008481575947862845
0.002920555512182745 0.008195060012844833
0.0029544079988803804 0.0079276862728559
0.0029886528735503827 0.00767817583347525
0.003023294684405776 0.007445335243510396
0.0030583380323784314 0.0072280507865155625
0.0030595223387327435 0.007220809018385456
0.003093787571730136 0.006950027913120713
0.0031296480106707504 0.006687978770840238
0.00316592411198352 0.006443437191575303
0.00320262069365765 0.006215233491043415
0.0032397426295281955 0.006002276131836096
0.0032772948499233826 0.005803546502408389
0.003315282342319423 0.005618094044885273
0.0033537101520029287 0.005445031708380408
0.0033925833827409915 0.005283531706079732
0.0034100500379265785 0.005214008287999674
0.0034319071974590427 0.0051015738890317726
0.0034716868189265592 0.004906801848410311
0.003511927530450728 0.004725042572278009
0.0035526346765781393 0.0045554266748685105
0.0035938136638046254 0.004397142854277012
0.003635469961293318 0.004249434011864232
0.0036776091016010306 0.004111593630923846
0.0037202366814130658 0.003982962397292011
0.003763358362286533 0.0038629250457347087
0.003801177898828586 0.0037649358067924563
0.0038069798714022844 0.0037455080809960257
0.003851107002325569 0.0036007407770789718
0.0038957456157755013 0.003465645409772508
0.003940901640403447 0.0033395757947838342
0.003986581073580439 0.0032219289195402866
0.004032789982193705 0.003112142058876866
0.004079534503452448 0.0030096900834253254
0.004126820845702951 0.0029140829478304
0.004174655289253135 0.002824863346778904
0.004223044187206672 0.0027416045276300277
0.0042368492133865 0.0027185882427329397
0.004271993966306777 0.0026428626648795565
0.004321511127789762 0.0025424509628501797
0.004371602248248502 0.0024487477895414316
0.004422273980505897 0.002361304946618373
0.004473533054498463 0.002279704179979141
0.004525386278170166 0.0022035551791739073
0.0045778405383766155 0.002132493710483095
0.004630902801799736 0.002066179874725089
0.004684580115873045 0.0020042964814601842
0.004722594375879396 0.0019630406500402682
0.004738879609717651 0.0019401995553874325
0.004793808495089107 0.0018655670190453294
0.004849374067335233 0.0017959206994780897
0.004905583706365045 0.0017309274664051794
0.004962444877628913 0.0016702764460561508
0.005019965133110079 0.0016136775342081204
0.0050781521123276704 0.0015608600085675562
0.005137013543351339 0.0015115712338591503
0.005196557243827657 0.001465575453428002
0.005256791122018419 0.0014226526615751358
0.005264206431080421 0.001417474162926802
0.0053177231778509665 0.0013691740187110224
0.0053793615039806975 0.0013174083243226347
0.005441714286865887 0.0012691011077781032
0.005504789807854967 0.0012240213073837019
0.005568596444286409 0.0011819532987301983
0.005633142670601352 0.0011426958633243515
0.005698437059469137 0.0011060612261263722
0.005764488282925874 0.0010718741573897351
0.005831305113526219 0.0010399711345072656
0.005867470188093206 0.0010235310218990267
0.005898896425508494 0.0010050684618027972
0.00596727119597331 0.0009665928160757125
0.006036438506075863 0.0009306877370075748
0.006106407542232035 0.0008971814844536583
0.006177187597338488 0.000865913792267493
0.006248788072006887 0.0008367351017204233
0.0063212184758124484 0.000809505846136578
0.006394488428556943 0.0007840957833215455
0.006468607661546328 0.0007603833725916405
0.006540627317542675 0.0007390722033525775
0.006543586018883236 0.0007379407374371723
0.006619433458774394 0.0007093431240330422
0.006696160054853221 0.0006826561236937458
0.006773775997517752 0.0006577520879248497
0.006852291595284064 0.0006345118964569522
0.006931717276155407 0.0006128243874730249
0.007012063589007184 0.0005925858259023908
0.007093341204987997 0.0005736994072381067
0.0071755609189369275 0.00055607479450442
0.007258733650817253 0.0005396276861595309
0.007290022614824123 0.0005336699231206301
0.007342870447166765 0.0005206651334497711
0.007427982482564918 0.0005008296113854168
0.007514081061116971 0.00048231930506441474
0.007601177617955332 0.0004650456765209915
0.007689283720758314 0.000448926103031056
0.0077784110712864896 0.00043388348191355575
0.007868571506936851 0.00041984586173513915
0.007959777002314986 0.00040674609815412403
0.008052039670825477 0.0003945215327576055
0.008126012741769103 0.00038535285937105196
0.008145371766280746 0.0003822518688728665
0.008239785684528518 0.00036750881303212676
0.008335293965098195 0.00035375074410451315
0.008431909292866259 0.0003409118548900521
0.008529644499741026 0.00032893073478280097
0.008628512566366896 0.00031775007603339843
0.00872852662384838 0.00030731639963628015
0.008829699955494092 0.0002975797995304324
0.008932045998580967 0.00028849370389015224
0.009035578346138929 0.0002800146523640252
0.009057629235119751 0.0002782559402207126
0.009140310748756231 0.00026973355442097015
0.009246257116405742 0.0002595076587640634
0.009353431520292386 0.0002499649575184981
0.009461848194722 0.00024105980631019538
0.009571521538991865 0.0002327496102761068
0.009682466119303124 0.0002249946203256887
0.009794696670695395 0.00021775774301419114
0.009908228099003796 0.00021100436311835823
0.010023075482838654 0.00020470217806588343
0.010095862408983263 0.0002009233002565046
0.010139254075588152 0.0001980119134237023
0.010256779307444218 0.00019041135968266872
0.01037566678745186 0.00018331860066102035
0.010495932305582278 0.00017669971047811218
0.010617591834830001 0.00017052302984910903
0.010740661533334334 0.00016475901465320457
0.010865157746525383 0.00015938009461902912
0.010991097009294971 0.0001543605414513195
0.01111849604819271 0.00014967634576807512
0.01124737178364752 0.00014530510225957234
0.011254023695528827 0.0001450828778495937
0.011377741332214914 0.0001397414052807379
0.011509622008850324 0.0001344696033654405
0.011643031329208768 0.0001295500117296494
0.011777987011971193 0.0001249590991246172
0.01191450698119776 0.00012067490642967932
0.012052609368708425 0.0001166769416180179
0.012192312516491107 0.00011294608173978797
0.012333634979137758 0.00010946448145377296
0.012476595526308696 0.00010621548767006138
0.012543453337538438 0.00010476157527896618
0.012621213145225473 0.00010257620328050628
0.012767507043192655 9.86578556444167e-05
0.01291549665014884 9.500129369918598e-05
0.013065201621247212 9.158902748344885e-05
0.01321664183946605 8.840473554413419e-05
0.013369837418249465 8.543318686815994e-05
0.013524808704178753 8.266016802988915e-05
0.013681576279674718 8.007241520588107e-05
0.013840160965731315 7.765755073175253e-05
0.013982240737617124 7.56463327554629e-05
0.014000583824680975 7.531076252066409e-05
0.014162866162991988 7.23983905234108e-05
0.014327029534098307 6.968059475562767e-05
0.014493095741262165 6.714437553537987e-05
0.014661086840469845 6.477760169243365e-05
0.014831025143361043 6.256895254279265e-05
0.015002933220192183 6.0507863739927436e-05
0.015176833902834055 5.8584476743697884e-05
0.015352750287804228 5.678959166526733e-05
0.015530705739334601 5.5114623262459466e-05
0.0155847029023574 5.4622772176843374e-05
0.015710723892474503 5.3139264859255e-05
0.015892828656229784 5.111922144360546e-05
0.016077044216738237 4.9234137582188084e-05
0.016263395040481923 4.74749965967076e-05
0.016451905877536623 4.583338421518951e-05
0.016642601764859034 4.4301448325076805e-05
0.016835508029612024 4.2871861415231596e-05
0.017030650292528444 4.153778552719527e-05
0.01722805447131394 4.029283954806249e-05
0.017371541698088896 3.944206059437648e-05
0.01742774678408919 3.90113721423507e-05
0.017629753752872058 3.7509943859640954e-05
0.017834102207100078 3.610882633633219e-05
0.018040819287193827 3.480131778799638e-05
0.018249932448161522 3.35811641779398e-05
0.018461469463245474 3.244252930307483e-05
0.018675458427610758 3.137996687836212e-05
0.01889192776207666 3.038839448629726e-05
0.019110906216891377 2.9463069266838253e-05
0.019332422875550453 2.859956523149439e-05
0.019363666457384594 2.848035868435793e-05
0.01955650715865949 2.7529486573568594e-05
0.019783188827841643 2.648808445176066e-05
0.02001249798969037 2.551625863736461e-05
0.020244465099768037 2.460936072166982e-05
0.020479120966650853 2.3763052857200834e-05
0.020716496756020688 2.297328700905083e-05
0.02095662399480433 2.2236285592438247e-05
0.02119953457536071 2.15485234038727e-05
0.021445260759716672 2.09067107595037e-05
0.02158279856877756 2.0565123083486515e-05
0.021693835183851845 2.0208729052248402e-05
0.02194529086203313 1.943469091901446e-05
0.022199661191199548 1.8712366444574693e-05
0.022456979955397742 1.8038300627828996e-05
0.02271728133026905 1.7409269297078427e-05
0.022980599887588514 1.6822263688260652e-05
0.02324697059985648 1.627447605351711e-05
0.023516428844943486 1.5763286231254943e-05
0.023789010410788933 1.528624911346622e-05
0.024059051287835875 1.4849682622544636e-05
0.024064751500154243 1.4837773053735418e-05
0.024343688735431104 1.426245730594908e-05
0.024625859163505466 1.3725578529478248e-05
0.024911300260677883 1.3224568741724114e-05
0.025200049937640922 1.2757031527581283e-05
0.02549214654451423 1.232073057697487e-05
0.02578762887593801 1.191357898820727e-05
0.02608653617622548 1.1533629285950795e-05
0.0263889081445751 1.1179064106140456e-05
0.026694784940343205 1.084818750321117e-05
0.026815438443760074 1.0722672220103209e-05
0.027004207188377725 1.0468884339083013e-05
0.02731721598441376 1.0069840922824031e-05
0.027633852900531698 9.697457683805703e-06
0.027954159990678563 9.349953449701748e-06
0.02827817979625341 9.02566604870663e-06
0.02860595535175742 8.723044359084003e-06
0.028937530190509504 8.440640889886632e-06
0.02927294835042816 8.177104857360057e-06
0.029612254379880344 7.931175723913318e-06
0.029890676350048235 7.742636826811277e-06
0.029955493343598132 7.685912354588763e-06
0.030302710828663964 7.389317185170077e-06
0.03065395295056527 7.112537602607426e-06
0.03100926635931927 6.8542497232041e-06
0.031368698245668764 6.613218112227129e-06
0.03173229634734976 6.388289874612186e-06
0.032100108955431715 6.1783891404698475e-06
0.03247218492073129 5.982511919016398e-06
0.03284857366030043 5.7997212963146955e-06
0.033229325163989715 5.629142953855033e-06
0.033317295649082666 5.590810182512223e-06
0.03361449000108765 5.4234477780173006e-06
0.034004119327037056 5.217727080948807e-06
0.03439826489022925 5.025750627007513e-06
0.03479697903887691 4.8466001603343545e-06
0.03520031472796679 4.679418773946572e-06
0.035608325526292776 4.523406811005626e-06
0.0360210656235707 4.377818039922287e-06
0.03643858983763544 4.2419560850038464e-06
0.03686095362172158 4.115171095570541e-06
0.03713648832178393 4.037017258596549e-06
0.037288213071828336 3.981399361924349e-06
0.03772042493416997 3.8284942729899725e-06
0.03815764661271248 3.685804804649362e-06
0.03859993617679767 3.5526484491069468e-06
0.0390473523688556 3.42838829706213e-06
0.03949995461220643 3.312429991263733e-06
0.039957803018952694 3.2042188835981422e-06
0.04042095839796307 3.103237382113024e-06
0.04088948226294862 3.0090024752870126e-06
0.041363436840632754 2.9210634217034495e-06
0.04139636675858886 2.91505306282517e-06
0.041842885079015825 2.809727650459376e-06
0.0423278906557355 2.703671491713316e-06
0.042818517986524134 2.604700966254598e-06
0.043314832233764006 2.512342681435605e-06
0.04381689931514192 2.426154872073742e-06
0.044324785912403984 2.345725287413543e-06
0.044838559480211884 2.270669219261313e-06
0.04535828825510189 2.200627661860518e-06
0.04588404126454759 2.1352655947063247e-06
0.046139588981820634 2.104904144512022e-06
0.046415888336127795 2.06247986165348e-06
0.0469539001068006 1.983651973721958e-06
0.047498148032285026 1.910090592333028e-06
0.04804870439655132 1.8414438611012488e-06
0.04860564232142136 1.7773834312412708e-06
0.049169035776280276 1.7176028910199483e-06
0.04973895958790065 1.661816300137105e-06
0.050315489450380536 1.609756822024638e-06
0.05089870193519682 1.56117544752203e-06
0.051432262742584986 1.519911082952933e-06
0.05148867450137495 1.5142728239722683e-06
0.05208548550577663 1.4556827674886626e-06
0.052689214213506745 1.401007123632603e-06
0.0532999408084409 1.349984369711745e-06
0.053917746403875026 1.3023704554196295e-06
0.05454271305329833 1.2579376355018083e-06
0.05517492376129126 1.2164733804118104e-06
0.05581446249454963 1.1777793597464172e-06
0.0564614141930367 1.141670493597852e-06
0.05711586478126432 1.107974067285337e-06
0.057326358724066065 1.0974987654930544e-06
0.057777901179705035 1.068457891806978e-06
0.05844761131633634 1.0278193634594478e-06
0.05912508413831878 9.898959023516733e-07
0.05981040962380941 9.545061143167756e-07
0.06050367879391222 9.214807241692915e-07
0.061204983724767 8.906617660334542e-07
0.061914417559778445 8.619018277658114e-07
0.0626320745219869 8.350633458581376e-07
0.0633580499265825 8.100179474480343e-07
0.06389935157964236 7.924828983539154e-07
0.06409244019356454 7.843992306525365e-07
0.06483534286054723 7.541940050540693e-07
0.06558685659571431 7.260067955366602e-07
0.06634708121092346 6.99702778072402e-07
0.06711611767496282 6.751561362535527e-07
0.06789406812696108 6.522494594915474e-07
0.06868103588995304 6.308731814224716e-07
0.06947712548460236 6.109250558327829e-07
0.07028244264308349 5.923096675985422e-07
0.07109709432312435 5.749379762989104e-07
0.07122667944280499 5.72236765935022e-07
0.07192118872221188 5.53527123317819e-07
0.07275483529196228 5.325765333437299e-07
0.07359814475265766 5.130256553763365e-07
0.07445122910795138 4.947809744131085e-07
0.07531420165974372 4.777552232067555e-07
0.07618717702322995 4.61866964851427e-07
0.07707027114212299 4.4704020325641837e-07
0.07796360130405233 4.332040196442068e-07
0.07886728615614151 4.2029223333413487e-07
0.07938987866256611 4.1320124001153343e-07
0.07978144572076624 4.063347589708308e-07
0.08070620141149502 3.9076289860350416e-07
0.08164167604921467 3.762313962339545e-07
0.08258799387844268 3.626707453765522e-07
0.08354528058382867 3.50016083286703e-07
0.08451366330684718 3.382068807115899e-07
0.08549327066268379 3.2718665236873444e-07
0.08648423275731722 3.169026867675419e-07
0.08748668120479909 3.0730579408152873e-07
0.0884989713695073 2.983647240283334e-07
0.08850074914473434 2.9834443106249e-07
0.08952657125996397 2.8677039503217446e-07
0.0905642837944529 2.7596962157486385e-07
0.09161402457138518 2.6589044890530473e-07
0.09267593301146879 2.56484666771039e-07
0.09375015015145285 2.477072858548399e-07
0.09483681866285923 2.395163225834167e-07
0.09593608287093142 2.318725983130941e-07
0.09704808877380301 2.2473955193193667e-07
0.09817298406188835 2.1808306498196347e-07
0.09863741109380643 2.1544346900318777e-07
0.09931091813749796 2.1049641870853206e-07
0.10046204213468131 2.0246856767582337e-07
0.1016265089392995 1.9497705796590135e-07
0.10280447320933098 1.8798605654827116e-07
0.10399609139541202 1.81462124402877e-07
0.1052015217616159 1.7537405657583098e-07
0.10642092440647245 1.6969273292105022e-07
0.10765446128423159 1.6439097881387426e-07
0.10890229622637304 1.594434351704337e-07
0.10994991497899433 1.5556761439304723e-07
0.11016459496336568 1.5454116813181578e-07
0.11144152514667881 1.4857433509053037e-07
0.11273325637104872 1.4300614639499087e-07
0.1140399601970033 1.3780996857642766e-07
0.11536181017364784 1.3296094755190453e-07
0.11669898186171476 1.2843588974324803e-07
0.11805165285688055 1.242131511384443e-07
0.11942000281335324 1.2027253376486367e-07
0.1208042134677329 1.1659518907912997e-07
0.12220446866314887 1.1316352781152994e-07
0.12255358514895194 1.1233240329780265e-07
0.12362095437367691 1.0904846730388408e-07
0.12505385872903912 1.04909817218119e-07
0.1265033720395904 1.0104767030063517e-07
0.12796968682159415 9.74435533561696e-08
0.1294529978227916 9.408022738584628e-08
0.13095350204826675 9.094160513032472e-08
0.13247139878661174 8.801267412190444e-08
0.13400688963639507 8.527942487753279e-08
0.1355601785329369 8.272878388925005e-08
0.13660279589093172 8.111308307896855e-08
0.13713147177539456 8.005429314910513e-08
0.13872097805416211 7.697817026687357e-08
0.1403289084785873 7.410756295222662e-08
0.14195547660501015 7.14287407039129e-08
0.14360089846512605 6.892889035676993e-08
0.1452653925946781 6.659605479437258e-08
0.1469491800624817 6.441907575630084e-08
0.14865248449978571 6.238754046646267e-08
0.15037553212997384 6.049173182718837e-08
0.15211855179861047 5.872258194086457e-08
0.15227135735785002 5.857020818056673e-08
0.15388177500383463 5.649484593243771e-08
0.1556654359271062 5.4361216255985244e-08
0.15746977146430866 5.237013407529843e-08
0.1592950212572123 5.051207579522724e-08
0.161141427725302 4.8778154092585033e-08
0.1630092360979741 4.716007540674571e-08
0.16489869444710648 4.565010027030029e-08
0.1668100537200059 4.424100629002849e-08
0.16874356777273758 4.2926053601116946e-08
0.16971972825947051 4.229242874389499e-08
0.17069949340384077 4.147053176116405e-08
0.1726780903884356 3.988467258784651e-08
0.17467962151272456 3.8404764305339095e-08
0.17670435260889467 3.70237283429882e-08
0.17875255259042355 3.5734959049595465e-08
0.1808244934877952 3.453229209762715e-08
0.1829204504846294 3.3409974998342245e-08
0.18504070195423022 3.236263958680902e-08
0.18718552949655792 3.138527634520112e-08
0.1891894926307632 3.053855508833412e-08
0.18935521797562951 3.044806017756945e-08
0.19155005555735283 2.9269340355462314e-08
0.1937703337477989 2.8169370412830714e-08
0.19601634743191856 2.7142889082021067e-08
0.19828839491270714 2.6184986600531763e-08
0.2005867779508234 2.5291081226934242e-08
0.2029118018046678 2.4456897325767683e-08
0.2052637752709252 2.3678444916584723e-08
0.2076430107255775 2.2952000589327216e-08
0.21004982416539153 2.2274089694748e-08
0.21086922348498843 2.205130739903041e-08
0.2124845352498883 2.1483728789355855e-08
0.21494746734379805 2.0666154303664558e-08
0.21743894756000798 1.9903201578717474e-08
0.21995930680300746 1.9191221348214574e-08
0.2225088798128369 1.8526808152999028e-08
0.2250880052095462 1.790678405229915e-08
0.22769702553816798 1.7328183423223404e-08
0.23033628731421313 1.6788238775802536e-08
0.23300614106969247 1.62843675157298e-08
0.23504896814831733 1.5922827933410936e-08
0.23570694139967274 1.5772334627673418e-08
0.23843904700937202 1.516465531691909e-08
0.24120282076180072 1.4597574671629096e-08
0.24399862972595504 1.4068380309481119e-08
0.24682684522556925 1.3574541061963536e-08
0.24968784288843268 1.3113694867487624e-08
0.25258200269627845 1.2683637473361576e-08
0.2555097090352507 1.228231189258602e-08
0.2584713507469564 1.1907798565041582e-08
0.2614673211801092 1.1558306176007736e-08
0.26200064378748195 1.1497569953977357e-08
0.26449801824277197 1.1130011602544995e-08
0.2675638444552045 1.0708516252506955e-08
0.2706652070033241 1.0315180641840757e-08
0.27380251779278575 9.948123432705845e-09
0.27697619350368907 9.605588978936423e-09
0.28018665564591955 9.285938928594098e-09
0.28343433061513096 8.987644387554058e-09
0.28671964974937697 8.709278606641994e-09
0.29004304938639913 8.449510157343307e-09
0.2920305548705659 8.302175681319736e-09
0.2934049709215787 8.170501906768391e-09
0.2968058608665602 7.857215397278223e-09
0.300246170908555 7.56485920918866e-09
0.30372635797033115 7.292035001950857e-09
0.30724688427090036 7.037437857611288e-09
0.3108082173869064 6.7998500392653255e-09
0.3144108303147265 6.578135166508351e-09
0.318055201533292 6.371232780024527e-09
0.3217418150676372 6.178153269315148e-09
0.3254711605531848 5.997973139305023e-09
0.3255367908334833 5.994842503189421e-09
0.3292437333007769 5.766319757908815e-09
0.33306003436245885 5.549018369084805e-09
0.3369205705980267 5.346234567226217e-09
0.34082585474234517 5.156998445630775e-09
0.3447764054734464 4.9804048965367385e-09
0.34877274748141773 4.8156092819245645e-09
0.35281541153808826 4.661823393551792e-09
0.356904934567523 4.5183116828974705e-09
0.36104185971733377 4.384387742983473e-09
0.36283335734884326 4.328761281083061e-09
0.3652267364308176 4.232719056919998e-09
0.3694601205199302 4.071203568555021e-09
0.3737425742391064 3.920478629862047e-09
0.3780746663599349 3.77982333693437e-09
0.3824569722466999 3.6485649489360344e-09
0.3868900739327975 3.5260756703468623e-09
0.39137456019803835 3.4117696481850818e-09
0.39591102664684585 3.305100169844847e-09
0.4005000757873611 3.2055570481456134e-09
0.4044503376898777 3.1257158496882358e-09
0.4051423171114647 3.107640771716711e-09
0.4098383671757262 2.987589256385691e-09
0.4145888496832912 2.875558101988955e-09
0.41939439556671865 2.7710114802658545e-09
0.4242556430717777 2.673449361138687e-09
0.4291732378422157 2.582405121056108e-09
0.43414783300550924 2.4974433111223634e-09
0.4391800892596086 2.4181575743371553e-09
0.4442706749606883 2.3441687019839797e-09
0.4494202662119142 2.27512281987053e-09
0.45081221324525256 2.257019719633917e-09
0.4546295469532399 2.192857900964823e-09
0.4598992090522438 2.1095867109984186e-09
0.46522995239601883 2.0318786190413964e-09
0.4706224849841281 1.959361965372711e-09
0.47607752302263684 1.891689920395819e-09
0.4815957910192351 1.8285388257570028e-09
0.48717802187946313 1.7696066462928617e-09
0.4928249570040514 1.7146115254024563e-09
0.4985373463873894 1.6632904369343912e-09
0.5024991630425064 1.6297508346206403e-09
0.5043159487171359 1.6098736886617054e-09
0.5101615314749833 1.5479789808152012e-09
0.5160748710385907 1.4902192263069305e-09
0.5220567527846975 1.4363181790520754e-09
0.528107971193433 1.3860180485301413e-09
0.5342293299538352 1.339078266787005e-09
0.5404216420705914 1.2952743378128175e-09
0.546685729972018 1.2543967637922643e-09
0.55302242561929 1.216250043091369e-09
0.5594325706169377 1.1806517351881404e-09
0.5601374547286186 1.1768119524349943e-09
0.5659170163246242 1.1361234862456646e-09
0.5724766239702178 1.0931908120268714e-09
0.5791122647641758 1.053126264512225e-09
0.5858248200152536 1.0157382331896393e-09
0.5926151812475552 9.808479086526657e-10
0.5994842503189408 9.482884273753585e-10
0.6064329395408061 9.179040736240521e-10
0.6134621717992506 8.895495346887394e-10
0.62057288067765 8.630892058718077e-10
0.6243338518962147 8.497534359086438e-10
0.62776601058065 8.340254281883719e-10
0.6350425168595961 8.021133666386095e-10
0.642403365939419 7.723331604999656e-10
0.6498495354469889 7.445423888865089e-10
0.6573820143409586 7.186081456850515e-10
0.6650018030431118 6.94406403888989e-10
0.6727099135712337 6.718214224003363e-10
0.6805073696735207 6.507451924626785e-10
0.6883952069645496 6.310769210773239e-10
0.6959713948311014 6.135907273413163e-10
0.6963744730628222 6.12388398894093e-10
0.7044462277299036 5.886677211237552e-10
0.7126115430111746 5.665316473312352e-10
0.7208715033782136 5.458743178674095e-10
0.7292272058728313 5.265969452253956e-10
0.7376797602527732 5.08607341565561e-10
0.7462302891391108 4.918194778059564e-10
0.7548799281653431 4.761530721693015e-10
0.7636298261282242 4.615332062185764e-10
0.7724811451403399 4.4788996654470767e-10
0.7757319480239028 4.4306214575838866e-10
0.7814350607844541 4.321159549012527e-10
0.7904927622696419 4.156616258415719e-10
0.7996554525892345 4.003064571085827e-10
0.8089243486805937 3.859770206286215e-10
0.818300681586739 3.726047937555158e-10
0.8277856966198474 3.6012583155221865e-10
0.837380653526649 3.4848046096673534e-10
0.8470868266557402 3.376129954396075e-10
0.8569055051268347 3.274714685779454e-10
0.864710381861944 3.199267137797384e-10
0.8668379930019773 3.1726866237212643e-10
0.8768856094587426 3.050374925921614e-10
0.8870496889654402 2.9362334631083335e-10
0.897331581458352 2.8297164447619294e-10
0.9077326525210223 2.730314541835604e-10
0.9182542835656281 2.6375524508873274e-10
0.9288978720164498 2.550986620946876e-10
0.9396648314954691 2.4702031322457634e-10
0.9505565920101191 2.394815716664299e-10
0.9615746001432096 2.3244639104278744e-10
0.9638791688138686 2.310129700083158e-10
0.9727203192450538 2.239059589053543e-10
0.9839952296278227 2.154211387675736e-10
0.9954008287621519 2.0750306583671853e-10
1.0069386314760274 2.0011388125771474e-10
1.0186101701559753 1.932182552795016e-10
1.0304169949505875 1.867832182964902e-10
1.042360673976401 1.8077800317766388e-10
1.0544427935261684 1.7517389812921483e-10
1.0666649582795387 1.699441093869884e-10
1.0744062999316941 1.6681005372000558e-10
1.0790287915161836 1.6439145957974833e-10
1.0915359353313911 1.580839981802678e-10
1.1041880508541602 1.5219782486050776e-10
1.1169868184678227 1.467047984403235e-10
1.1299339380332216 1.4157865762524784e-10
1.1430311291144786 1.3679489542139464e-10
1.1562801312073754 1.3233064194025966e-10
1.1696827039703845 1.2816455503290775e-10
1.183240627458378 1.242767182304832e-10
1.1969557023590427 1.2064854550292703e-10
1.197716565218826 1.2045035402587787e-10
1.2108297502320393 1.1603580485642957e-10
1.2248646137509307 1.1165995256610415e-10
1.2390621569479157 1.0757635163227558e-10
1.2534242654613994 1.0376548119331158e-10
1.2679528467864338 1.0020912437729577e-10
1.2826498305280598 9.68902811913439e-11
1.2975171686575868 9.379308723039213e-11
1.3125568357718427 9.090273781667563e-11
1.3277708293554291 8.82054172070888e-11
1.3350289070280454 8.697490026177835e-11
1.343161170046015 8.519301165533064e-11
1.358729901902709 8.193980223060164e-11
1.3744790926775368 7.890384868547332e-11
1.3904108340900696 7.607064023784704e-11
1.4065272421052364 7.342663538815067e-11
1.422830457214352 7.095919716973604e-11
1.4393226447194065 6.865653272483507e-11
1.4560059950206488 6.650763691709868e-11
1.472882723907502 6.450223971105102e-11
1.4882832466817824 6.280291441834247e-11
1.4899550728528537 6.256449604846269e-11
1.5072253093107555 6.014577544920648e-11
1.524695727017573 5.788856615749655e-11
1.5423686462966273 5.578208134638277e-11
1.560246414366368 5.381625468903157e-11
1.5783314056521165 5.198169222961789e-11
1.596626022101425 5.026962746938777e-11
1.6151326935030912 4.8671879453101607e-11
1.633853877809862 4.7180813655417505e-11
1.6527920614648954 4.5789305480161625e-11
1.6589976095965717 4.534878508128591e-11
1.6719497597319901 4.416044333015244e-11
1.6913295170296487 4.248210640739561e-11
1.710933907269015 4.091582619459178e-11
1.7307655341957258 3.9454119459735956e-11
1.750827031735725 3.809000277854791e-11
1.7711210643450885 3.681695914890244e-11
1.7916503273639013 3.562890683545519e-11
1.8124175473742377 3.452017029547817e-11
1.8334254825622907 3.348545304687159e-11
1.8494425984179936 3.2745491628777315e-11
1.8546769230846996 3.243295146936383e-11
1.8761746914391213 3.118492403395284e-11
1.8979216428391015 3.0020210472243385e-11
1.9199206655932848 2.893324758627187e-11
1.9421746814890266 2.7918843720572538e-11
1.9646866461804464 2.6972153945465085e-11
1.987459549580984 2.6088656898076366e-11
2.0104964162604992 2.5264133170355323e-11
2.0338003058469822 2.449464514073782e-11
2.0573743134329137 2.377651815302225e-11
2.0618034156419154 2.3644894126454073e-11
2.0812215699863392 2.2899034247563025e-11
2.105345242766706 2.2032838152643927e-11
2.129748535745521 2.1224454158886346e-11
2.1544346900318843 2.047002246583844e-11
2.1794069843029558 1.9765941028374133e-11
2.2046687352394096 1.9108848341352442e-11
2.2302232979659387 1.8495607374196435e-11
2.2560740664968617 1.7923290578576546e-11
2.2822244741868984 1.7389165897514178e-11
2.298547063212561 1.7073526474706887e-11
2.308677994187169 1.6820310020385774e-11
2.335438139906479 1.6176034474456098e-11
2.362508465477948 1.5574749444093557e-11
2.38989256623105 1.5013585137720916e-11
2.4175940791691306 1.4489863386497907e-11
2.4456166834524464 1.4001084846857262e-11
2.473964100886814 1.3544917057821703e-11
2.5026400964179194 1.3119183296003851e-11
2.5316484786313556 1.2721852175004976e-11
2.560993100258459 1.2351027939488386e-11
2.5628070718138494 1.2328467394420633e-11
2.5906778586880086 1.1880420664376527e-11
2.6207066964838526 1.1433102519281057e-11
2.651083601908539 1.1015622877981234e-11
2.6818126094530155 1.06259903330102e-11
2.712897800372467 1.0262346428335356e-11
2.7443433032283653 9.9229567811183e-12
2.7761532944368006 9.606202796439456e-12
2.8083319988231725 9.310573935379849e-12
2.840883690183304 9.034660499498622e-12
2.8572606347279343 8.902150854450357e-12
2.8738126918510667 8.729034577702609e-12
2.907123377272579 8.396188858191006e-12
2.940820170587064 8.085537680900555e-12
2.9749075472144404 7.7956001539239e-12
3.009390034449721 7.524994237214687e-12
3.044272212064303 7.272430142183121e-12
3.079558712914227 7.036704172089931e-12
3.1152542235554876 6.816692973796776e-12
3.1513634848664793 6.611348173397928e-12
3.1861851946115745 6.4280731172843184e-12
3.1878912926776457 6.41646534983088e-12
3.224842498408442 6.168734236512725e-12
3.2622220097116696 5.937514762697748e-12
3.3000347911252854 5.721705548669104e-12
3.338285864731761 5.520278718669441e-12
3.376980310825091 5.332274993662114e-12
3.4161232685855283 5.156799111785016e-12
3.455719936762139 4.9930155546110815e-12
3.495775574363275 4.840144558791398e-12
3.536295501355043 4.697458394021018e-12
3.5528076955058907 4.6415888336127725e-12
3.5772850993678733 4.534521960807854e-12
3.61874981241128 4.362368540536009e-12
3.6606951475969023 4.2016823223345075e-12
3.7031266758699264 4.051698724073311e-12
3.746050032748993 3.9117041760910544e-12
3.7894709190746676 3.78103271616563e-12
3.8333951017666017 3.659062811834808e-12
3.8778284145894575 3.5452143948839793e-12
3.9227767589277196 3.438946093832095e-12
3.9624765778444644 3.3516026509388475e-12
3.9682461045694817 3.3351917477902187e-12
4.0142424904993215 3.206964927523034e-12
4.060772025700365 3.0872734460580534e-12
4.1078408899656464 2.975548469108896e-12
4.155455334718876 2.8712591028006206e-12
4.203621683844713 2.77390986172122e-12
4.252346334528681 2.6830383060044016e-12
4.301635758106794 2.5982128361565316e-12
4.35149650092505 2.5190306350942562e-12
4.401935185208875 2.445115747563002e-12
4.419611666631587 2.4201282647943833e-12
4.452958509942656 2.3591780625116926e-12
4.504573251759458 2.26997819449458e-12
4.556786265841064 2.1867101898357963e-12
4.6096044868284345 2.1089789755949153e-12
4.663034929742731 2.0364158182167817e-12
4.717084690917017 1.9686765662890382e-12
4.771760948938746 1.9054400105889636e-12
4.827070965603183 1.846406353588598e-12
4.8830220868778795 1.7912957811100086e-12
4.930666690386933 1.7475284000076831e-12
4.9396217438783205 1.7368907129044157e-12
4.996877453854884 1.6703739437252273e-12
5.05479682119124 1.6082758633962142e-12
5.113387538414326 1.550302390506501e-12
5.172657387216018 1.496179040469603e-12
5.2326142394866615 1.445649618540479e-12
5.293266058360561 1.3984750000495725e-12
5.354620899273607 1.3544319920314443e-12
5.4166869110331515 1.3133122708144607e-12
5.479472336900287 1.274921390500768e-12
5.501625433782348 1.2618568830660183e-12
5.542985515684668 1.2303105211505875e-12
5.607234882852032 1.1839644814092344e-12
5.672228971644544 1.1406926412710087e-12
5.737976414214133 1.1002906035093956e-12
5.804485942768978 1.0625675822924948e-12
5.871766390733256 1.0273454957996745e-12
5.939826693920357 9.944581193708404e-13
6.008675891719687 9.63750295148187e-13
6.07832312829723 9.350771944400052e-13
6.14078293078258 9.111627561154867e-13
6.148777653810023 9.072031903378333e-13
6.220048825634711 8.725807272997281e-13
6.292146109610344 8.402510193215085e-13
6.365079081295571 8.100617949927148e-13
6.438857427240419 7.818709155100449e-13
6.513490946272803 7.555456995430585e-13
6.588989550799949 7.309622931235416e-13
6.6653632681249135 7.080050815541966e-13
6.742622241778341 6.86566140532872e-13
6.820776732865685 6.665447238757023e-13
6.855857411912364 6.579332246575683e-13
6.899837121430018 6.43964652390004e-13
6.97981390783066 6.197814165720321e-13
7.060717714137773 5.971959665194619e-13
7.142559285543126 5.761023492542153e-13
7.225349491787215 5.564016549574014e-13
7.309099328602911 5.380015480115936e-13
7.393819919175867 5.208158293024547e-13
7.479522515621821 5.047640276944859e-13
7.566218500481055 4.897710187348685e-13
7.653919388230148 4.757666687692231e-13
7.6582801796477975 4.750810162102793e-13
7.74263682681127 4.579146385864036e-13
7.832382599179196 4.409925618256801e-13
7.923168624866254 4.2518530522695645e-13
8.015006961565405 4.104190847238738e-13
8.107909806731687 3.9662501464349825e-13
8.201889499202203 3.837387818400091e-13
8.296958520834906 3.7170034153681745e-13
8.393129498166363 3.604536334296035e-13
8.490415204088746 3.499463166993244e-13
8.558178733263144 3.4304692863149124e-13
8.588828559546249 3.3900665288168604e-13
8.688382635251184 3.263046153597349e-13
8.789090653419954 3.14436686198763e-13
8.890965989529159 3.033477788443307e-13
8.994022174092045 2.929864585497794e-13
9.098272894455558 2.8330469967671344e-13
9.20373199661822 2.742576591528526e-13
9.310413487069075 2.65803465010363e-13
9.418331534647951 2.579030189996036e-13
9.52750047242729 2.505198123402623e-13
9.570737492479473 2.477076355991714e-13
9.637934799615785 2.420463837168105e-13
9.749649183484086 2.3311560477843313e-13
9.86265846131282 2.2476867512582493e-13
9.976977642363202 2.1696715019444505e-13
10.092621909870484 2.0967512891354242e-13
10.209606623060475 2.028590848931516e-13
10.327947319189525 1.9648770883931424e-13
10.447659715608053 1.905317614496354e-13
10.56875971184805 1.8496393609112896e-13
10.691263391734772 1.7975873060885648e-13
10.71281798744999 1.788649529057435e-13
10.815187025522892 1.73363318340514e-13
10.940547072057434 1.6706230046454518e-13
11.067360180959744 1.6117090821218732e-13
11.195643194838794 1.5566226926185931e-13
11.325413151528128 1.5051128472781688e-13
11.456687286348727 1.456945116551617e-13
11.58948303439812 1.4119005332149786e-13
11.723818032866 1.3697745682564602e-13
11.859710123376706 1.3303761747844661e-13
11.997177354358856 1.2935268954300554e-13
12.004676135956814 1.2915496650148828e-13
12.136237983442419 1.2465552109125125e-13
12.276910479883604 1.201906229936293e-13
12.419213527017845 1.1601395005346739e-13
12.563166024741214 1.1210668201734925e-13
12.708787092020595 1.0845123679597311e-13
12.856096069432965 1.0503118859897012e-13
13.005112521734098 1.0183119150078104e-13
13.155856240457052 9.883690807646565e-14
13.30834724654076 9.603494277036684e-14
13.462605792989109 9.341277968300101e-14
13.471728808740865 9.32603346883218e-14
13.618652367560827 9.007286608200848e-14
13.776507695490551 8.68919561448864e-14
13.936192742241435 8.391458374422245e-14
14.097728716289676 8.112753579185509e-14
14.261137071941297 7.85184650898358e-14
14.426439512181588 7.60758332308538e-14
14.593657991557574 7.378885727993949e-14
14.76281471909391 7.164745998632595e-14
14.933932161242533 6.964222329105831e-14
15.107033044866556 6.77643449115359e-14
15.147140621225248 6.734150657750828e-14
15.282140360258708 6.549142471635434e-14
15.459277364194786 6.321009374897596e-14
15.638467583022479 6.10731426288361e-14
15.819734815786013 5.907126677107119e-14
16.00310313738702 5.719576839407173e-14
16.18859690178199 5.543851663733899e-14
16.37624074521689 5.379191031453301e-14
16.56605958949915 5.224884312697355e-14
16.758078645307688 5.080267117447084e-14
16.952323415541212 4.9447182611204705e-14
17.07651493658183 4.8626015800653525e-14
17.148819698705406 4.8003583473446695e-14
17.347593592339322 4.6353949841342605e-14
17.54867149648152 4.480730465890919e-14
17.752080117176362 4.3357071169714186e-14
17.957846470020968 4.1997098956746696e-14
18.165997883753285 4.072163603731527e-14
18.376562003881723 3.9525302796652904e-14
18.58956679635688 3.840306763854183e-14
18.80504055128583 3.7350224239348487e-14
19.023011886689456 3.6362370299401774e-14
19.24350975230332 3.543538769268521e-14
19.323367168503548 3.5111917342151274e-14
19.466563433422635 3.4355086053063467e-14
19.692202554791734 3.3224258296336905e-14
19.92045708453871 3.216273381236443e-14
20.151357338155584 3.11661431763791e-14
20.38493398252464 3.023039791160046e-14
20.621218039991444 2.93516722073157e-14
20.86024089248505 2.8526385837074115e-14
21.102034285685964 2.7751188197792473e-14
21.346630333242455 2.7022943395817284e-14
21.594061521035677 2.6338716310892445e-14
21.844360711494282 2.569575957355407e-14
21.98418102553638 2.5353644939701164e-14
22.09756114795903 2.499060591833125e-14
22.353696459097964 2.42040358873957e-14
22.612800663372795 2.3464603209855327e-14
22.874908173557046 2.2769385292043076e-14
23.140053801306543 2.211564562211921e-14
23.408272761782943 2.150082175524546e-14
23.679600678330786 2.0922514084081834e-14
23.954073587208793 2.037847534299106e-14
24.231727942376008 1.9866600797752227e-14
24.512600620333398 1.9384919075775804e-14
24.7967289250216 1.8931583594791003e-14
25.08415059277541 1.8504864550758922e-14
25.223278148571644 1.8307382802953695e-14
25.374903797335715 1.8024531706808378e-14
25.66902715491952 1.750070476782605e-14
25.96655972934872 1.700742178714374e-14
26.267541037238384 1.654283690468379e-14
26.572011053245067 1.6105220459445503e-14
26.880010215376075 1.5692951584794844e-14
27.191579430360193 1.5304511286253134e-14
27.506760079080678 1.4938475970385607e-14
27.825594022071257 1.4593511395479357e-14
28.148123605075813 1.426836701665229e-14
28.474391664672478 1.3961870699860625e-14
28.80444153396298 1.3672923780979932e-14
29.138317048327885 1.3400496447732672e-14
29.373158356320346 1.3219411484660289e-14
29.476062551248585 1.3114453631964997e-14
29.81772290019674 1.277900162401161e-14
30.163343472591976 1.2462663120073407e-14
30.512970171828712 1.2164337377188156e-14
30.866649433372743 1.1882992793972405e-14
31.22442823092858 1.1617662658649284e-14
31.58635408267819 1.1367441179986037e-14
31.95247505759214 1.113147978374917e-14
32.322839781813805 1.090898365854443e-14
32.697497445117676 1.0699208536102085e-14
33.07649780744242 1.0501457692200099e-14
33.459891205499744 1.0315079155496423e-14
33.847728559459824 1.0139463112573648e-14
34.240061379714255 9.974039498490604e-15
34.63694177371734 9.818275763094383e-15
35.03842245290676 9.671674804279005e-15
35.408977747201234 9.545484566618327e-15
35.44455673970435 9.529265461118589e-15
35.85539857459817 9.34973667720206e-15
36.271002523306485 9.181101182075464e-15
36.691423784024934 9.022842557372249e-15
37.11671819475767 8.874482294360126e-15
37.546942240733365 8.73557813338091e-15
37.98215306190736 8.60572258473339e-15
38.422408460550606 8.484541629365131e-15
38.867766908926676 8.371693599349e-15
39.3182875570577 8.432956611854515e-15
39.774030240580366 8.336166481354845e-15
40.23505548869293 8.247035592149988e-15
40.70142453219439 8.165412342078558e-15
41.17319931161679 8.176600035746149e-15
41.65044248545185 8.120439961607939e-15
42.13321743847289 8.072291661905725e-15
42.62158829015325 8.032220125205148e-15
43.115619903182285 8.000347669687226e-15
43.615377892080055 7.976859672895681e-15
44.120928631911895 7.962011546346341e-15
44.63233926710397 7.956137192836246e-15
45.14967772036102 7.959659239000672e-15
45.67301270168747 7.973101404313898e-15
46.20241371751313 7.997103453695996e-15
46.73795107992464 8.032439289183793e-15
47.27969591600391 8.080038873121409e-15
47.827720177274855 8.141014849245214e-15
48.38209664925957 8.216694950013045e-15
48.94289896114532 8.308661562855567e-15
49.51020159556351 8.418800194066461e-15
50.08407989848212 8.549359042378776e-15
50.66461008921269 8.703022509339284e-15
51.25186927053333 8.883002276653912e-15
51.84593543892913 9.09315063464542e-15
52.44688749495118 9.338102136157705e-15
52.8951238189469 9.545484566618327e-15
53.05480525369574 9.610585365845697e-15
53.66976945540476 9.891353836499996e-15
54.29186177618943 1.0224642385802733e-14
54.921164838877885 1.0620971560362616e-14
55.557762223988775 1.1093376557360526e-14
56.20173848083188 1.1658080561601864e-14
56.85317913873753 1.2335368698344077e-14
57.51217071841614 1.3150728153066395e-14
57.56371294470892 1.3219411484660285e-14
58.17880074344935 1.4102215432218676e-14
58.8531577519145 1.5279678488998997e-14
59.5353313081437 1.6745052858124785e-14
60.13704135597581 1.8307382802953695e-14
60.22541201461928 1.8584545525012157e-14
60.923491524007105 2.0986072156297956e-14
61.629662551329425 2.402336889924088e-14
61.90591922576351 2.5353644939701164e-14
62.34401888627863 2.8001702895184427e-14
63.06665540567406 3.310043311582568e-14
63.32545804333725 3.5111917342151274e-14
63.79766808606283 3.9676835842520224e-14
64.53715401646701 4.8055621086131625e-14
64.58542865245487 4.862601580065353e-14
65.28521141127847 5.909899168043313e-14
65.76145928011432 6.734150657750828e-14
66.04193962330305 7.36763730872743e-14
66.80490947877149 9.32603346883218e-14
66.80743915695615 9.334877139861414e-14
67.5818116816111 1.2189511843986495e-13
67.76142232538204 1.2915496650148828e-13
68.36516004510239 1.6520820747888008e-13
68.5804369058808 1.7886495290574353e-13
69.15758828738524 2.3823244369637703e-13
69.2481540675402 2.477076355991714e-13
69.77971859832115 3.4304692863149124e-13
69.95920165435375 4.11068009496805e-13
70.14398159209068 4.750810162102793e-13
70.36418481098278 6.579332246575683e-13
70.43939851513944 9.111627561154867e-13
70.40887994943685 1.2618568830660183e-12
70.29918542472699 1.7475284000076831e-12
70.11769347007436 2.4201282647943833e-12
69.95920165435375 2.983469327436429e-12
69.87729428881143 3.3516026509388475e-12
69.58408897492438 4.6415888336127725e-12
69.15758828738524 6.356638367992788e-12
69.14269183133577 6.428073117284319e-12
68.63369852511508 8.902150854450357e-12
68.36516004510239 1.019845835606454e-11
67.9571038574315 1.2328467394420633e-11
67.5818116816111 1.4411652276993709e-11
67.1069802339598 1.7073526474706887e-11
66.80743915695615 1.9031595979981982e-11
66.04521076939575 2.3644894126454073e-11
66.04193962330305 2.3670791480106347e-11
65.28521141127847 2.980352265601182e-11
64.858359743582 3.2745491628777315e-11
64.53715401646701 3.598560746001561e-11
63.79766808606283 4.264681881768898e-11
63.4558151929324 4.5348785081285915e-11
63.06665540567406 5.047182381210428e-11
62.34401888627864 5.855845918251606e-11
61.87758969731043 6.280291441834247e-11
61.629662551329425 6.716888802436096e-11
60.923491524007105 7.83068348511725e-11
60.22541201461928 8.604210706792518e-11
60.14177631320018 8.697490026177836e-11
59.5353313081437 1.0168803779609161e-10
58.8531577519145 1.1341460829449678e-10
58.30575095359167 1.2045035402587787e-10
58.17880074344935 1.247537336103195e-10
57.51217071841614 1.4580026752962093e-10
56.85317913873753 1.5940352613275093e-10
56.384468151117794 1.6681005372000558e-10
56.20173848083188 1.7562343788061058e-10
55.557762223988775 2.0323149549831978e-10
54.921164838877885 2.2056921778206833e-10
54.38294389061058 2.310129700083158e-10
54.29186177618943 2.3734150246863166e-10
53.66976945540476 2.7773083644657023e-10
53.05480525369574 3.020919860734526e-10
52.446887494951184 3.177575273163556e-10
52.36289225113184 3.199267137797384e-10
51.84593543892913 3.716940195314421e-10
51.25186927053333 4.0974595803580665e-10
50.66461008921269 4.3297409107345495e-10
50.3452030516295 4.4306214575838866e-10
50.08407989848212 4.813977557668755e-10
49.51020159556351 5.481842260219688e-10
48.94289896114532 5.865208812534455e-10
48.38209664925957 6.101651102823169e-10
48.30082567940866 6.135907273413163e-10
47.827720177274855 7.147436549545102e-10
47.27969591600392 7.861851028866112e-10
46.73795107992464 8.270992122748339e-10
46.29269804085836 8.497534359086438e-10
46.20241371751314 8.78437706541158e-10
45.67301270168747 1.030499807251947e-09
45.149677720361026 1.11112457876931e-09
44.63233926710397 1.157019161867402e-09
44.33997829935243 1.1768119524349943e-09
44.120928631911895 1.2789301630399234e-09
43.615377892080055 1.4618891337984734e-09
43.115619903182285 1.5573561240590925e-09
42.62158829015325 1.6111330140656744e-09
42.41474286525251 1.62975083462064e-09
42.13321743847289 1.822778025586952e-09
41.65044248545185 2.053688642138139e-09
41.17319931161679 2.1718089054738092e-09
40.70142453219439 2.2373302814235247e-09
40.536638427586695 2.257019719633917e-09
40.23505548869293 2.5617391619039757e-09
39.774030240580366 2.866555405666488e-09
39.3182875570577 3.018833409774315e-09
38.867766908926676 3.1015848058335844e-09
38.71529693000486 3.1257158496882354e-09
38.422408460550606 3.5625358164334325e-09
37.98215306190736 3.982538597224762e-09
37.546942240733365 4.1867096798727045e-09
37.11671819475767 4.294851890928221e-09
36.95451363538735 4.328761281083061e-09
36.691423784024934 4.908729597606655e-09
36.271002523306485 5.511961877815151e-09
35.85539857459817 5.796374011793815e-09
35.44455673970435 5.942503875430317e-09
35.25437841953567 5.994842503189421e-09
35.03842245290676 6.6992940637350044e-09
34.63694177371734 7.601570674878639e-09
34.240061379714255 8.013005440536787e-09
33.847728559459824 8.21720870360056e-09
33.612288427791505 8.302175681319736e-09
33.459891205499744 9.038448097647371e-09
33.07649780744242 1.044309085121036e-08
32.697497445117676 1.1061123537118154e-08
32.322839781813805 1.1356420998917116e-08
32.02325272231382 1.1497569953977357e-08
31.952475057592135 1.2004369958338466e-08
31.58635408267819 1.4279528563471353e-08
31.22442823092858 1.5243620349886062e-08
30.866649433372746 1.56859435248822e-08
30.51297017182871 1.5912594623931802e-08
30.4986835256506 1.5922827933410936e-08
30.163343472591976 1.9402271778581853e-08
29.817722900196735 2.0964300456690107e-08
29.476062551248585 2.1651247263424073e-08
29.138317048327885 2.1986538079793027e-08
29.06892854453413 2.205130739903041e-08
28.80444153396298 2.61221262190438e-08
28.474391664672474 2.8751145168640538e-08
28.148123605075813 2.9858191871410396e-08
27.825594022071257 3.037189159309169e-08
27.687840812692286 3.053855508833412e-08
27.506760079080678 3.467424364263637e-08
27.19157943036019 3.92715656399408e-08
26.880010215376075 4.112391867108539e-08
26.572011053245067 4.194054256859028e-08
26.34629917476058 4.229242874389498e-08
26.26754103723838 4.4962070160674313e-08
25.966559729348724 5.3316412274006144e-08
25.66902715491952 5.653566883447775e-08
25.374903797335715 5.788438919951613e-08
25.08415059277541 5.852118412830247e-08
25.063648761641254 5.8570208180566726e-08
24.7967289250216 7.169446860463934e-08
24.512600620333398 7.750690368597205e-08
24.231727942376008 7.982279392164978e-08
23.954073587208793 8.084985507194703e-08
23.868378435402114 8.111308307896855e-08
23.679600678330786 9.489383216200419e-08
23.40827276178294 1.0579855818299722e-07
23.140053801306543 1.0993392833099763e-07
22.874908173557042 1.1166034720609211e-07
22.703438385238847 1.1233240329780265e-07
22.612800663372795 1.2215521404208463e-07
22.353696459097964 1.4341917769076085e-07
22.09756114795903 1.5109804588297287e-07
21.844360711494282 1.5412416820330714e-07
21.594061521035677 1.5547905094788377e-07
21.57941184602715 1.5556761439304723e-07
21.346630333242455 1.921819881824419e-07
21.102034285685964 2.070082056346375e-07
20.86024089248505 2.125381009764414e-07
20.621218039991444 2.1484221943430732e-07
20.542976448706117 2.1544346900318777e-07
20.384933982524643 2.5235186434267776e-07
20.151357338155584 2.821189083257508e-07
19.92045708453871 2.9264742475787647e-07
19.692202554791734 2.9675203782865544e-07
19.525854683609104 2.9836472402833343e-07
19.466563433422632 3.189180784172945e-07
19.24350975230332 3.810829017537012e-07
19.023011886689456 4.019547436245742e-07
18.80504055128583 4.0960643823210876e-07
18.58956679635688 4.1279284408213845e-07
18.562412137263234 4.1320124001153343e-07
18.376562003881723 5.067513320307742e-07
18.165997883753285 5.498173606342245e-07
17.957846470020968 5.6472068136361e-07
17.75208011717636 5.704687279268294e-07
17.658484000735147 5.72236765935022e-07
17.54867149648152 6.54280093931957e-07
17.347593592339322 7.467719707332411e-07
17.148819698705406 7.770553902947816e-07
16.952323415541212 7.879594147800352e-07
16.760069180240997 7.924828983539153e-07
16.758078645307688 7.946893580418168e-07
16.56605958949915 1.0015483608175843e-06
16.37624074521689 1.0656821811855045e-06
16.18859690178199 1.0873724685335484e-06
16.00310313738702 1.0956466543930915e-06
15.952665937105994 1.0974987654930544e-06
15.819734815786017 1.3115649092501944e-06
15.638467583022479 1.453070384316775e-06
15.459277364194786 1.4981953031184767e-06
15.282140360258708 1.5141385859233806e-06
15.155301132630143 1.519911082952933e-06
15.107033044866554 1.6352114159432117e-06
14.933932161242533 1.960587330344111e-06
14.76281471909391 2.058591459150237e-06
14.593657991557576 2.0909451345241908e-06
14.426439512181588 2.1031442339282355e-06
14.401721499803468 2.104904144512022e-06
14.261137071941295 2.592868912969824e-06
14.097728716289676 2.814879764346686e-06
13.936192742241435 2.8837452022540196e-06
13.77650769549055 2.907592192084687e-06
13.691513620479498 2.91505306282517e-06
13.618652367560827 3.2901038363138808e-06
13.462605792989109 3.8146944479447017e-06
13.308347246540762 3.968005769849117e-06
13.155856240457052 4.017342842304626e-06
13.005112521734098 4.035710077398692e-06
12.995617219044307 4.037017258596549e-06
12.856096069432963 5.080768937347376e-06
12.708787092020595 5.437227463705399e-06
12.563166024741214 5.54463700691726e-06
12.419213527017845 5.581038687650333e-06
12.361327018154846 5.590810182512223e-06
12.276910479883604 6.527081923820373e-06
12.136237983442419 7.392444308553473e-06
11.997177354358856 7.637515869024908e-06
11.859710123376706 7.714282912570488e-06
11.723818032865998 7.742454861772278e-06
11.723132382663787 7.742636826811277e-06
11.58948303439812 9.897335110527659e-06
11.456687286348727 1.0482128272184236e-05
11.325413151528128 1.0653069128033858e-05
11.195643194838794 1.0709670329004303e-05
11.155461727801566 1.0722672220103209e-05
11.067360180959744 1.282780832861476e-05
10.940547072057434 1.428640389844224e-05
10.815187025522892 1.4686177838213666e-05
10.691263391734772 1.4807877140193846e-05
10.584213321621917 1.4849682622544636e-05
10.56875971184805 1.539659683625177e-05
10.447659715608053 1.9201511412591974e-05
10.327947319189525 2.0180674619946572e-05
10.209606623060475 2.045793904202374e-05
10.092621909870484 2.054745776647745e-05
10.064045920404064 2.0565123083486515e-05
9.9769776423632 2.5046450343426488e-05
9.86265846131282 2.7556059935985806e-05
9.749649183484086 2.8220891601079365e-05
9.637934799615785 2.841724540862619e-05
9.552814261759712 2.8480358684357933e-05
9.52750047242729 3.040934411905262e-05
9.418331534647951 3.714366917243485e-05
9.310413487069075 3.881556642486926e-05
9.20373199661822 3.9273516051076086e-05
9.098272894455558 3.941736695771773e-05
9.077290701226094 3.944206059437648e-05
8.994022174092045 4.867190415753321e-05
8.890965989529159 5.3076574086534216e-05
8.789090653419954 5.4202955609128666e-05
8.688382635251184 5.452513254038799e-05
8.618765135933842 5.462277217684336e-05
8.588828559546249 5.953369726160829e-05
8.490415204088746 7.169650000079722e-05
8.393129498166363 7.460602073616452e-05
8.296958520834906 7.53758009938896e-05
8.201889499202203 7.561048765889183e-05
8.185832229410305 7.56463327554629e-05
8.107909806731687 9.424364517546191e-05
8.015006961565405 0.00010212607111369739
7.923168624866254 0.00010406937535574237
7.832382599179197 0.00010460670163474742
7.773777980119305 0.00010476157527896618
7.742636826811269 0.00011575629846647718
7.653919388230148 0.00013816473549247896
7.566218500481055 0.0001433234090563621
7.479522515621821 0.00014463981716984734
7.393819919175866 0.0001450283549395334
7.380894344978402 0.0001450828778495937
7.309099328602912 0.00018196842513253932
7.225349491787215 0.00019634752262878358
7.142559285543126 0.00019976076181187576
7.060717714137772 0.00020067142129072347
7.009930455467918 0.0002009233002565046
6.97981390783066 0.00022380223356884547
6.899837121430018 0.0002659088979172051
6.820776732865685 0.00027522600244228574
6.742622241778341 0.00027751591896308986
6.6653632681249135 0.0002781685255624578
6.654352999799082 0.0002782559402207126
6.588989550799949 0.0003505270330196786
6.513490946272802 0.0003772621185013711
6.438857427240419 0.0003833648019407362
6.365079081295571 0.00038493306732884054
6.319787856615649 0.00038535285937105196
6.292146109610343 0.0004305243274029438
6.220048825634711 0.0005112173737813767
6.148777653810023 0.0005283582171021064
6.07832312829723 0.0005324100450000567
6.008675891719687 0.0005335221546739654
5.998746732482038 0.0005336699231206301
5.939826693920357 0.0006738378326230031
5.871766390733256 0.0007245039658810891
5.804485942768978 0.000735611457379274
5.737976414214134 0.0007383560082456924
5.696452521530098 0.0007390722033525775
5.672228971644543 0.0008242031155276637
5.607234882852032 0.0009819289549097155
5.542985515684668 0.0010140524570078809
5.479472336900287 0.0010213459373533012
5.4166869110331515 0.0010232690901296948
5.407257809356482 0.0010235310218990267
5.354620899273607 0.001292880135950677
5.293266058360561 0.0013907600484380105
5.2326142394866615 0.0014113430893648107
5.172657387216018 0.0014162252431932914
5.133571572712236 0.001417474162926802
5.113387538414326 0.0015699802425603333
5.05479682119124 0.0018844861714384187
4.996877453854884 0.0019458234646085714
4.9396217438783205 0.001959182141860917
4.8830220868778795 0.0019625582461864815
4.87367796686588 0.0019630406500402682
4.827070965603183 0.0024758970723488
4.771760948938745 0.0026686940299570205
4.717084690917017 0.0027075354132432704
4.663034929742731 0.002716365910399899
4.62532080630863 0.0027185882427329397
4.609604486828434 0.002973820462872288
4.556786265841064 0.0036137431007532816
4.504573251759458 0.003733098543826512
4.452958509942656 0.00375800212042987
4.401935185208875 0.0037640218721784005
4.392366715568369 0.0037649358067924563
4.35149650092505 0.004731760474311141
4.301635758106794 0.005119072095936983
4.252346334528681 0.005193733047722177
4.203621683844713 0.005209979935386902
4.166375045773928 0.005214008287999674
4.155455334718876 0.005595051718281099
4.1078408899656464 0.006924105132144627
4.060772025700365 0.007160865234919595
4.0142424904993215 0.007208134512908125
3.968246104569482 0.007219043125773675
3.958206741865447 0.007220809018385456
3.9227767589277196 0.009022091974647933
3.8778284145894575 0.009815916824027588
3.8333951017666017 0.009962151920653604
3.7894709190746676 0.009992572409571661
3.7518708420358373 0.01

