0.1 1.2795469901782563e-05
0.10069386314760276 1.2528516541606791e-05
0.10139254075588151 1.2272411919239741e-05
0.10209606623060467 1.2026715151663528e-05
0.10280447320933092 1.1791003272961794e-05
0.10351779556301763 1.1564870506183999e-05
0.10423606739764017 1.1347927564800655e-05
0.10495932305582274 1.1139800982546756e-05
0.10568759711848043 1.0940132470499761e-05
0.10642092440647241 1.0748578300285533e-05
0.10652136427863525 1.072267222010321e-05
0.10715933998226711 1.0504049199675483e-05
0.10790287915161843 1.0259891843315013e-05
0.1086515774652538 1.002565681277689e-05
0.10940547072057427 9.800940873693598e-06
0.11016459496336566 9.585357178788276e-06
0.11092898648952228 9.378534601917355e-06
0.11169868184678232 9.180117099177348e-06
0.11247371783647517 8.989763095975577e-06
0.11325413151528117 8.807144899009873e-06
0.11403996019700328 8.63194813214495e-06
0.11483124145435111 8.463871195214236e-06
0.1156280131207376 8.302624744815537e-06
0.11643031329208765 8.14793119620678e-06
0.11723818032865989 7.999524245444196e-06
0.11805165285688052 7.857148410940485e-06
0.1187336985474298 7.742636826811277e-06
0.11887076977119035 7.712060982606799e-06
0.11969557023590432 7.530586942550145e-06
0.12052609368708427 7.356487832576404e-06
0.12136237983442408 7.189463942307462e-06
0.12220446866314882 7.029227741328344e-06
0.12305240043592616 6.875503384204132e-06
0.12390621569479161 6.728026235612504e-06
0.12476595526308698 6.586542414774553e-06
0.12563166024741204 6.450808358399511e-06
0.12650337203959036 6.320590401390982e-06
0.12738113231864784 6.195664374593035e-06
0.12826498305280606 6.075815218883395e-06
0.1291549665014884 5.960836614949699e-06
0.13005112521734088 5.8505306281112195e-06
0.13095350204826672 5.744707367574796e-06
0.13186214013947484 5.643184659538279e-06
0.13234469476516178 5.590810182512223e-06
0.13277708293554297 5.528459206577503e-06
0.13369837418249467 5.39905706956618e-06
0.134626057929891 5.274913706355611e-06
0.13556017853293686 5.155815405331507e-06
0.1365007806546014 5.041557139926257e-06
0.13744790926775374 4.931942215666256e-06
0.13840160965731316 4.826781931562948e-06
0.13936192742241424 4.725895255264641e-06
0.14032890847858728 4.62910851140985e-06
0.14130259905995338 4.536255082645729e-06
0.14228304572143527 4.447175122796821e-06
0.1432702953409831 4.3617152816904e-06
0.14426439512181577 4.279728441164673e-06
0.14526539259467808 4.201073461805364e-06
0.146273335620113 4.125614939974721e-06
0.14728827239075026 4.053222974714644e-06
0.1475192436186632 4.037017258596549e-06
0.14831025143361043 3.963279933127485e-06
0.1493393216124252 3.8710082041049605e-06
0.15037553212997382 3.7824863022794585e-06
0.1514189325304352 3.6975618383105572e-06
0.15246957270175737 3.6160886158198723e-06
0.15352750287804226 3.5379263797146562e-06
0.15459277364194776 3.4629405747392306e-06
0.15566543592710616 3.391002113838713e-06
0.1567455410205595 3.3219871559362283e-06
0.15783314056521172 3.255776892741053e-06
0.1589282865622978 3.1922573442207247e-06
0.1600310313738701 3.1313191623849323e-06
0.16114142772530193 3.072857443043512e-06
0.16225952870780874 3.016771545214381e-06
0.16338538778098613 2.9629649178706283e-06
0.1644344291676992 2.91505306282517e-06
0.16451905877536627 2.909917725375689e-06
0.16566059589499144 2.841335100059384e-06
0.16681005372000587 2.7755395980538097e-06
0.16796748720926533 2.7124179534614575e-06
0.1691329517029648 2.6518615034038303e-06
0.17030650292528443 2.5937660009589133e-06
0.17148819698705403 2.5380314357007176e-06
0.17267809038843554 2.484561861531932e-06
0.17387624002162508 2.4332652315133022e-06
0.1750827031735724 2.384053239405409e-06
0.17629753752872057 2.3368411676500272e-06
0.1775208011717635 2.291547741529419e-06
0.1787525525904235 2.248094989252432e-06
0.1799928506782477 2.206408107726593e-06
0.18124175473742368 2.166415333785103e-06
0.18249932448161524 2.1280478206470485e-06
0.18328319660099204 2.104904144512022e-06
0.18376562003881713 2.085980191421631e-06
0.1850407019542302 2.0370764549841298e-06
0.18632463119315604 1.9901601100796236e-06
0.18761746914391206 1.9451503911938932e-06
0.18891927762076663 1.9019698150445343e-06
0.19023011886689448 1.860544047194098e-06
0.19155005555735277 1.8208017740839588e-06
0.19287915080207782 1.7826745802686007e-06
0.19421746814890253 1.7460968306389936e-06
0.19556507158659492 1.7110055574323156e-06
0.19692202554791724 1.6773403518334956e-06
0.19828839491270714 1.6450432599819586e-06
0.1996642450109794 1.6140586832045823e-06
0.2010496416260498 1.5843332823030847e-06
0.2024446509976804 1.555815885731084e-06
0.2038493398252463 1.5284574015027761e-06
0.20429711029536446 1.519911082952933e-06
0.20526377527092524 1.495398109093186e-06
0.20668802496290825 1.4605266198813942e-06
0.20812215699863382 1.4270722650461397e-06
0.20956623994804327 1.394977453803935e-06
0.21102034285685956 1.3641869358025577e-06
0.21248453524988828 1.334647706008145e-06
0.21395888713434222 1.3063089134575927e-06
0.21544346900318834 1.2791217737191772e-06
0.21693835183851842 1.253039484910692e-06
0.21844360711494273 1.2280171471305347e-06
0.2199593068030075 1.2040116851630443e-06
0.221485523372636 1.1809817743250114e-06
0.22302232979659375 1.1588877693257278e-06
0.2245697995539774 1.137691636018095e-06
0.22612800663372784 1.117356885923309e-06
0.227697025538168 1.0978485134163927e-06
0.2277253717703055 1.0974987654930544e-06
0.22927693128656493 1.0720641777871162e-06
0.23086779941871685 1.0471985407029703e-06
0.23246970599856479 1.0233434100067313e-06
0.2340827276178293 1.0004577198971168e-06
0.23570694139967277 9.78502073443673e-07
0.23734242500238667 9.574386747655073e-07
0.23898925662310497 9.372312639662052e-07
0.2406475150015424 9.178450547129359e-07
0.24231727942375994 8.99246674352277e-07
0.243998629725955 8.814041064596912e-07
0.24569164629827908 8.642866357237224e-07
0.24739641008868135 8.478647950700554e-07
0.24911300260677885 8.321103149344016e-07
0.250841505927754 8.169960745968873e-07
0.25258200269627845 8.024960554941677e-07
0.2538287324072857 7.924828983539152e-07
0.25433457613046495 7.870851625668291e-07
0.25609931002584585 7.686032365173971e-07
0.25787628875938007 7.508723891967353e-07
0.2596655972934871 7.338620976995259e-07
0.26146732118010924 7.175430795375221e-07
0.2632815465648021 7.01887242230263e-07
0.2651083601908538 6.868676349443612e-07
0.2669478494034321 6.724584020981363e-07
0.2688001021537606 6.58634738851707e-07
0.27066520700332414 6.45372848405921e-07
0.2725432531281029 6.326499010366187e-07
0.2744343303228365 6.204439947937018e-07
0.27633852900531697 6.087341177973574e-07
0.2782559402207124 5.975001120665229e-07
0.28018665564591955 5.867226388173318e-07
0.28213076759394723 5.763831451717931e-07
0.2829293780553369 5.722367659350221e-07
0.28408836901833034 5.642419087092963e-07
0.28605955351757417 5.510630421605615e-07
0.28804441533962966 5.384197436582922e-07
0.2900430493863992 5.262902484383013e-07
0.29205555121827464 5.146536762308146e-07
0.2940820170587063 5.034899953155555e-07
0.29612254379880343 4.927799880376003e-07
0.2981772290019672 4.825052177246305e-07
0.30024617090855493 4.726479969486379e-07
0.3023294684405778 4.6319135707744163e-07
0.3044272212064302 4.541190190635998e-07
0.30653952950565266 4.454153654204331e-07
0.3086664943337273 4.3706541333691304e-07
0.3108082173869064 4.290547888851364e-07
0.3129648010670752 4.2136970227597927e-07
0.31513634848664784 4.1399692412033785e-07
0.3153734159624432 4.1320124001153343e-07
0.3173229634734977 4.045076471738578e-07
0.31952475057592117 3.9511019497251777e-07
0.32174181506763716 3.8609463839420117e-07
0.3239742629528197 3.7744545776405307e-07
0.3262222009711669 3.691477641072105e-07
0.32848573660300445 3.611872735178605e-07
0.33076497807442407 3.535502825699176e-07
0.33306003436245885 3.4622364472697854e-07
0.33537101520029305 3.3919474771095813e-07
0.33769803108250906 3.324514917904393e-07
0.3400411932703707 3.259822689513585e-07
0.3424006137971424 3.197759429141776e-07
0.3447764054734464 3.138218299631343e-07
0.34716868189265615 3.081096805545722e-07
0.34957755743632746 3.026296616726911e-07
0.35152967871635593 2.9836472402833343e-07
0.35200314727966797 2.969903847770529e-07
0.35444556739704347 2.9000546840577665e-07
0.356904934567523 2.8330440497310193e-07
0.3593813663804628 2.768756591565459e-07
0.36187498124112794 2.707081644134157e-07
0.3643858983763545 2.6479130393015265e-07
0.3669142378402493 2.591148923458779e-07
0.36946012051993027 2.536691582186702e-07
0.3720236681413068 2.484447272043984e-07
0.3746050032748992 2.434326059191462e-07
0.3772042493416998 2.386241664574509e-07
0.37982153061907353 2.340111315397043e-07
0.3824569722466999 2.2958556026314756e-07
0.38511070023255706 2.2533983443192813e-07
0.38778284145894565 2.212666454426906e-07
0.3904735236885561 2.173589817031212e-07
0.3918297936306366 2.154434690031878e-07
0.3931828755705769 2.1290448419313272e-07
0.39591102664684585 2.079237128915699e-07
0.39865810735804413 2.031453486467122e-07
0.40142424904993207 1.9856116600431896e-07
0.4042095839796307 1.9416327378031494e-07
0.4070142453219438 1.8994410147647823e-07
0.40983836717572614 1.8589638624817786e-07
0.41268208457029537 1.8201316040172788e-07
0.41554553347188755 1.7828773939983568e-07
0.4184288507901581 1.747137103544946e-07
0.4213321743847288 1.7128492098751134e-07
0.4242556430717777 1.6799546903966697e-07
0.4271993966306779 1.6483969211027488e-07
0.4301635758106795 1.618121579096495e-07
0.43314832233763995 1.589076549077021e-07
0.4361537789208005 1.5612118336256684e-07
0.436760097700045 1.5556761439304723e-07
0.4391800892596086 1.5263211551219233e-07
0.44222739805058986 1.4908043123158822e-07
0.44529585099426555 1.456730779075926e-07
0.44838559480211876 1.424041902283887e-07
0.4514967772036101 1.392681412386974e-07
0.4546295469532399 1.362595326532987e-07
0.45778405383766185 1.3337318556419924e-07
0.46096044868284336 1.3060413152544926e-07
0.46415888336127786 1.2794760400026228e-07
0.4673795107992462 1.2539903015571245e-07
0.4706224849841282 1.229540229908864e-07
0.47388796097176533 1.2060837378493672e-07
0.4771760948938746 1.1835804485203738e-07
0.480487043965513 1.1619916259076883e-07
0.4838209664925956 1.1412801081596713e-07
0.486842356870045 1.1233240329780266e-07
0.48717802187946324 1.120673652172267e-07
0.4905583706365048 1.0942743745658815e-07
0.4939621743878321 1.0689478818227662e-07
0.4973895958790064 1.0446505784890809e-07
0.5008407989848211 1.0213406407495252e-07
0.504315948717136 9.989779444306395e-08
0.5078152112327673 9.775239959299466e-08
0.5113387538414326 9.569418659520483e-08
0.5148867450137493 9.371961259376069e-08
0.5184593543892911 9.182527870757571e-08
0.5220567527846977 9.000792417949855e-08
0.5256791122018422 8.826442076317357e-08
0.5293266058360562 8.659176733801175e-08
0.5329994080844089 8.498708474300321e-08
0.5366976945540475 8.344761082047481e-08
0.5404216420705916 8.197069566126436e-08
0.5426539698257316 8.111308307896855e-08
0.544171428686589 8.033853547021616e-08
0.5479472336900287 7.845603035871988e-08
0.5517492376129126 7.665002336556378e-08
0.5555776222398876 7.491740581598332e-08
0.5594325706169379 7.325519536521444e-08
0.5633142670601354 7.166053086465594e-08
0.5672228971644544 7.01306674366622e-08
0.5711586478126432 6.8662971749491e-08
0.5751217071841612 6.72549174842697e-08
0.579112264764176 6.590408098617744e-08
0.5831305113526222 6.460813709235802e-08
0.5871766390733255 6.336485512937911e-08
0.5912508413831878 6.217209507334977e-08
0.5953533130814369 6.102780386608508e-08
0.599484250318941 5.993001188097584e-08
0.6036438506075867 5.887682953248085e-08
0.6048784978080541 5.857020818056673e-08
0.6078323128297229 5.7595574790636334e-08
0.6120498372476699 5.625316593232243e-08
0.6162966255132941 5.496530671605811e-08
0.6205728806776502 5.3729780418928375e-08
0.6248788072006892 5.2544460400272564e-08
0.6292146109610344 5.14073064409123e-08
0.633580499265825 5.031636123114785e-08
0.6379766808606281 4.926974700147664e-08
0.6424033659394193 4.826566229023403e-08
0.6468607661546326 4.730237884259223e-08
0.6513490946272803 4.6378238635579057e-08
0.6558685659571432 4.549165102399477e-08
0.6604193962330304 4.46410900023148e-08
0.665001803043112 4.382509157786391e-08
0.6696160054853221 4.304225125074044e-08
0.6742544404336982 4.229242874389499e-08
0.6742622241778342 4.229075698143805e-08
0.678940681269611 4.129293021533081e-08
0.6836516004510237 4.0335649965280046e-08
0.6883952069645498 3.941726857276532e-08
0.6931717276155406 3.853620533551642e-08
0.697981390783066 3.769094378655481e-08
0.7028244264308349 3.688002908381001e-08
0.7077010661181887 3.610206550581802e-08
0.7126115430111747 3.5355714049189576e-08
0.7175560918936926 3.463969012371355e-08
0.7225349491787214 3.3952761341127226e-08
0.7275483529196228 3.329374539374669e-08
0.732596542821523 3.266150801930633e-08
0.7376797602527733 3.2054961048503346e-08
0.7427982482564917 3.1473060531886556e-08
0.7479522515621821 3.091480494286504e-08
0.7515528040888955 3.053855508833412e-08
0.7531420165974372 3.0317912727920864e-08
0.7583677914997191 2.9606345408219467e-08
0.7636298261282244 2.8923691736182644e-08
0.7689283720758311 2.8268776790372006e-08
0.774263682681127 2.7640473394312075e-08
0.7796360130405233 2.7037700176252827e-08
0.785045620020451 2.6459419707779778e-08
0.7904927622696423 2.5904636718067343e-08
0.7959777002314984 2.53723963807014e-08
0.8015006961565405 2.486178267012212e-08
0.8070620141149504 2.4371916784857448e-08
0.8126619200091946 2.3901955634833552e-08
0.8183006815867392 2.3451090390157585e-08
0.8239785684528518 2.3018545088875054e-08
0.8296958520834906 2.260357530130529e-08
0.8354528058382867 2.2205466848655087e-08
0.8377349713592167 2.205130739903041e-08
0.8412497049736117 2.1735867917464366e-08
0.8470868266557404 2.122842697654416e-08
0.8529644499741023 2.0741604581896088e-08
0.8588828559546252 2.0274562906519297e-08
0.8648423275731723 1.9826498169453902e-08
0.8708431497690723 1.939663925224776e-08
0.8768856094587428 1.8984246371647096e-08
0.8829699955494089 1.8588609806225755e-08
0.889096598952916 1.8209048674761745e-08
0.8952657125996396 1.7844909764257496e-08
0.9014776314524917 1.7495566405586848e-08
0.9077326525210226 1.7160417394833136e-08
0.914031074875623 1.683888595846158e-08
0.9203731996618223 1.6530418760544674e-08
0.9267593301146878 1.6234484950331517e-08
0.9331897715733238 1.5950575248521745e-08
0.9338252306410217 1.592282793341094e-08
0.9396648314954692 1.5584047525125614e-08
0.9461848194721999 1.522216648965384e-08
0.9527500472427293 1.4874988945022679e-08
0.9593608287093142 1.4541917436854659e-08
0.9660174799522646 1.4222378788550796e-08
0.972720319245054 1.3915823114723888e-08
0.9794696670695393 1.3621722874723151e-08
0.9862658461312823 1.333957196462139e-08
0.9931091813749796 1.3068884846101294e-08
1.0 1.2809195710741612e-08
1.0069386314760276 1.25600576782645e-08
1.0139254075588153 1.2321042027363974e-08
1.0209606623060465 1.2091737457791421e-08
1.0280447320933093 1.1871749382427875e-08
1.0351779556301763 1.1660699248124702e-08
1.0409176613376598 1.1497569953977355e-08
1.0423606739764018 1.1443080118096225e-08
1.0495932305582276 1.1174067315546879e-08
1.056875971184804 1.091598417631558e-08
1.0642092440647242 1.0668386604138773e-08
1.0715933998226712 1.0430848548378785e-08
1.0790287915161842 1.0202961270721202e-08
1.0865157746525385 9.984332641671548e-09
1.0940547072057425 9.77458646564024e-09
1.1016459496336564 9.573361833454036e-09
1.1092898648952227 9.380312501179592e-09
1.116986818467823 9.19510629418954e-09
1.124737178364752 9.01742453544563e-09
1.1325413151528114 8.846961497014593e-09
1.1403996019700324 8.683423873872644e-09
1.148312414543511 8.526530279092997e-09
1.156280131207376 8.376010759547234e-09
1.160299193434449 8.302175681319736e-09
1.1643031329208768 8.20444515022134e-09
1.1723818032865985 8.01258604256763e-09
1.1805165285688048 7.828521443918908e-09
1.1887076977119033 7.651934659682436e-09
1.1969557023590434 7.482521863622272e-09
1.2052609368708427 7.319991574950298e-09
1.2136237983442406 7.164064156666577e-09
1.222044686631488 7.014471334285272e-09
1.2305240043592616 6.870955734117971e-09
1.2390621569479163 6.733270440319433e-09
1.2476595526308698 6.601178569933431e-09
1.2563166024741208 6.474452865207195e-09
1.2650337203959032 6.352875302472673e-09
1.2738113231864785 6.236236716921369e-09
1.2826498305280605 6.124336442627024e-09
1.291549665014884 6.016981967196277e-09
1.293414085473431 5.994842503189421e-09
1.3005112521734092 5.882869035215862e-09
1.309535020482667 5.746029183039964e-09
1.3186214013947486 5.614748176811163e-09
1.3277708293554298 5.4888001699560734e-09
1.3369837418249466 5.367968492473821e-09
1.3462605792989104 5.252045278052584e-09
1.3556017853293683 5.1408311063386605e-09
1.3650078065460138 5.03413465974213e-09
1.3744790926775374 4.931772394188604e-09
1.3840160965731316 4.833568223250133e-09
1.3936192742241427 4.7393532151117274e-09
1.4032890847858723 4.6489653018518205e-09
1.4130259905995337 4.562249000536287e-09
1.4228304572143526 4.479055145646008e-09
1.432702953409831 4.3992406323773215e-09
1.4418221990370785 4.3287612810830604e-09
1.4426439512181581 4.3203230151021445e-09
1.4526539259467806 4.21858632227107e-09
1.46273335620113 4.1209821005259365e-09
1.4728827239075026 4.027342464841192e-09
1.4831025143361045 3.937506351394901e-09
1.4933932161242527 3.8513192404017395e-09
1.5037553212997377 3.768632890208682e-09
1.514189325304352 3.689305082195735e-09
1.5246957270175738 3.61319937604265e-09
1.5352750287804227 3.5401848749403665e-09
1.5459277364194777 3.470136000343016e-09
1.5566543592710613 3.4029322758729116e-09
1.567455410205595 3.3384581200064536e-09
1.5783314056521174 3.2766026471842342e-09
1.589282865622978 3.2172594770029243e-09
1.600310313738701 3.160326551160599e-09
1.6072389914911265 3.1257158496882354e-09
1.6114142772530191 3.098004423175094e-09
1.622595287078087 3.025433338028337e-09
1.6338538778098612 2.955809680604922e-09
1.6451905877536623 2.889013718978837e-09
1.6566059589499142 2.8249305856915674e-09
1.668100537200059 2.7634500801006728e-09
1.6796748720926533 2.704466478759781e-09
1.6913295170296478 2.6478783535035806e-09
1.7030650292528444 2.5935883969247884e-09
1.71488196987054 2.5415032549426273e-09
1.726780903884356 2.4915333661747234e-09
1.7387624002162505 2.4435928078359166e-09
1.7508270317357242 2.3975991478987547e-09
1.7629753752872057 2.3534733032612865e-09
1.7752080117176352 2.311139403677954e-09
1.7875255259042355 2.2705246612194725e-09
1.7917086008970335 2.257019719633917e-09
1.7999285067824766 2.221759855355401e-09
1.8124175473742368 2.1699885320495887e-09
1.8249932448161523 2.120319549505397e-09
1.8376562003881716 2.072667514021753e-09
1.8504070195423021 2.0269505010356794e-09
1.8632463119315599 1.9830899141718902e-09
1.8761746914391204 1.941010350019585e-09
1.8891927762076663 1.900639468403783e-09
1.9023011886689447 1.861907867927841e-09
1.9155005555735278 1.824748966573018e-09
1.9287915080207778 1.7890988871495974e-09
1.9421746814890255 1.7548963474023835e-09
1.955650715865949 1.7220825545814896e-09
1.9692202554791725 1.6906011042969432e-09
1.9828839491270713 1.6603978834830448e-09
1.9966424501097935 1.6314209773054856e-09
1.9974429190908838 1.62975083462064e-09
2.010496416260498 1.5935634009091272e-09
2.0244465099768036 1.5566261666779255e-09
2.0384933982524633 1.5211886043150675e-09
2.052637752709252 1.4871898072727713e-09
2.066880249629082 1.4545713431350419e-09
2.0812215699863383 1.4232771530999075e-09
2.095662399480433 1.393253455545839e-09
2.1102034285685956 1.3644486535163625e-09
2.124845352498883 1.336813245963686e-09
2.1395888713434217 1.3102997425985891e-09
2.1544346900318834 1.28486258220002e-09
2.1693835183851844 1.2604580542438592e-09
2.1844360711494275 1.2370442237159438e-09
2.1995930680300746 1.21458085897998e-09
2.214855233726359 1.1930293625762127e-09
2.2268000035886506 1.1768119524349943e-09
2.2302232979659373 1.1706364012026057e-09
2.245697995539774 1.1431639329336628e-09
2.2612800663372785 1.116806617400406e-09
2.27697025538168 1.0915191712842244e-09
2.29276931286565 1.0672581505735785e-09
2.3086779941871685 1.0439818758425251e-09
2.324697059985648 1.0216503605651276e-09
2.340827276178293 1.0002252423424298e-09
2.3570694139967276 9.796697169236053e-10
2.3734242500238674 9.599484749077796e-10
2.389892566231049 9.410276410175914e-10
2.406475150015424 9.228747158399902e-10
2.4231727942375993 9.054585199340453e-10
2.43998629725955 8.887491402095563e-10
2.4569164629827913 8.727178784842225e-10
2.4739641008868127 8.57337202130844e-10
2.4826085388757626 8.497534359086438e-10
2.4911300260677884 8.398200071740609e-10
2.50841505927754 8.202132345126608e-10
2.525820026962785 8.014021024541636e-10
2.543345761304649 7.833543084755673e-10
2.5609931002584583 7.660388619389822e-10
2.578762887593801 7.494260308012259e-10
2.596655972934871 7.334872904884608e-10
2.614673211801092 7.181952748478963e-10
2.6328154656480214 7.035237290921654e-10
2.6510836019085375 6.894474646554171e-10
2.669478494034321 6.759423158834364e-10
2.6880010215376062 6.629850984832964e-10
2.7066520700332415 6.505535696610261e-10
2.725432531281029 6.386263898787298e-10
2.744343303228364 6.271830861653473e-10
2.76338529005317 6.162040169179344e-10
2.7679957364184324 6.135907273413163e-10
2.7825594022071245 6.026218882704552e-10
2.8018665564591956 5.88625718176451e-10
2.8213076759394724 5.75197305768302e-10
2.840883690183303 5.623136060162477e-10
2.8605955351757424 5.499525096537935e-10
2.8804441533962963 5.380928051700014e-10
2.9004304938639915 5.267141423458027e-10
2.9205555121827467 5.157969972716147e-10
2.9408201705870622 5.053226387860706e-10
2.9612254379880345 4.952730962781245e-10
2.9817722900196717 4.856311287971469e-10
3.002461709085549 4.763801954178572e-10
3.0232946844057778 4.675044268091205e-10
3.044272212064303 4.5898859795769257e-10
3.065395295056527 4.5081810199999597e-10
3.0864297182231346 4.430621457583887e-10
3.086664943337273 4.429468946261689e-10
3.108082173869064 4.3253074506532805e-10
3.129648010670752 4.2253695151157055e-10
3.1513634848664793 4.1294837554686607e-10
3.1732296347349758 4.0374857454201236e-10
3.1952475057592116 3.9492177339949486e-10
3.217418150676372 3.8645283744417743e-10
3.2397426295281972 3.7832724641518035e-10
3.26222200971167 3.70531069514215e-10
3.2848573660300437 3.630509414674532e-10
3.307649780744241 3.5587403955975203e-10
3.330600343624589 3.489880616017398e-10
3.3537101520029307 3.423812047918534e-10
3.3769803108250915 3.3604214543697796e-10
3.400411932703706 3.2996001949680386e-10
3.424006137971424 3.241244039184352e-10
3.4416315487415106 3.1992671377973845e-10
3.447764054734465 3.1798591317551895e-10
3.4716868189265613 3.10546042021271e-10
3.495775574363275 3.0340767678121395e-10
3.520031472796679 2.96558587456412e-10
3.544455673970434 2.8998704043994024e-10
3.5690493456752295 2.8368177836096314e-10
3.5938136638046276 2.7763200074746296e-10
3.6187498124112802 2.718273454743699e-10
3.6438589837635442 2.662578709651834e-10
3.669142378402492 2.609140391164788e-10
3.6946012051993025 2.5578669891593244e-10
3.7202366814130676 2.5086707072569047e-10
3.746050032748993 2.461467312040553e-10
3.7720424934169974 2.416175988395619e-10
3.7982153061907344 2.372719200725601e-10
3.824569722466999 2.331022559804482e-10
3.838154516170491 2.3101297000831578e-10
3.8511070023255707 2.2836575901049152e-10
3.8778284145894575 2.23049517709139e-10
3.90473523688556 2.1794857162138872e-10
3.9318287557057685 2.1305419176508915e-10
3.9591102664684588 2.0835800334040212e-10
3.986581073580441 2.0385197135128415e-10
4.014242490499322 1.995283868108871e-10
4.042095839796308 1.953798535071588e-10
4.070142453219437 1.9139927530588566e-10
4.0983836717572615 1.875798439693501e-10
4.126820845702954 1.839150274696583e-10
4.155455334718876 1.8039855877664257e-10
4.184288507901583 1.770244251010658e-10
4.2133217438472865 1.7378685757463174e-10
4.242556430717777 1.7068032134905928e-10
4.271993966306779 1.6769950609720255e-10
4.280952154104461 1.6681005372000558e-10
4.301635758106795 1.6408080715621006e-10
4.3314832233764005 1.6028005381937894e-10
4.361537789208003 1.566330890986377e-10
4.391800892596086 1.5313368135379532e-10
4.422273980505899 1.4977585169817612e-10
4.452958509942655 1.4655386374041504e-10
4.483855948021189 1.4346221374277088e-10
4.5149677720360994 1.40495621179041e-10
4.546295469532399 1.3764901967584404e-10
4.577840538376619 1.349175483217064e-10
4.609604486828434 1.322965433290082e-10
4.641588833612779 1.2978153003446108e-10
4.673795107992461 1.2736821522437006e-10
4.7062248498412815 1.2505247977148487e-10
4.738879609717653 1.2283037157079127e-10
4.771760948938746 1.2069809876209738e-10
4.7756271955476475 1.2045035402587787e-10
4.804870439655131 1.1795987021232094e-10
4.838209664925955 1.1524082741763862e-10
4.871780218794631 1.1263168583579651e-10
4.905583706365048 1.1012799538794449e-10
4.9396217438783205 1.0772548640190725e-10
4.973895958790065 1.0542006229261175e-10
5.00840798984821 1.0320779253964939e-10
5.0431594871713585 1.010849059499048e-10
5.078152112327674 9.904778419367755e-11
5.113387538414326 9.709295560318864e-11
5.148867450137495 9.5217089222817e-11
5.184593543892911 9.341698910084593e-11
5.220567527846975 9.168958881290926e-11
5.256791122018422 9.003194620773236e-11
5.293266058360562 8.844123836613807e-11
5.328488809963483 8.697490026177834e-11
5.329994080844091 8.689160835229137e-11
5.366976945540476 8.486295183267474e-11
5.404216420705915 8.291618919522633e-11
5.44171428686589 8.104800719458439e-11
5.479472336900287 7.925522682941492e-11
5.517492376129126 7.75347978978296e-11
5.555776222398878 7.588379377376851e-11
5.594325706169378 7.429940639537502e-11
5.633142670601354 7.277894145675522e-11
5.672228971644543 7.131981379486576e-11
5.711586478126432 6.991954296360581e-11
5.751217071841614 6.857574898751406e-11
5.7911226476417585 6.728614828777833e-11
5.831305113526222 6.60485497735614e-11
5.871766390733256 6.486085109193359e-11
5.912508413831878 6.372103502997034e-11
5.946712018629559 6.280291441834247e-11
5.95353313081437 6.255952291601063e-11
5.9948425031894095 6.110569825700235e-11
6.036438506075867 5.971046536562713e-11
6.07832312829723 5.837145636369989e-11
6.1204983724767 5.708639924227131e-11
6.162966255132942 5.585311397535973e-11
6.2057288067765 5.4669508791350855e-11
6.248788072006891 5.353357659566506e-11
6.292146109610344 5.244339153855394e-11
6.335804992658251 5.139710572213194e-11
6.379766808606282 5.039294604099408e-11
6.4240336593941905 4.942921115099597e-11
6.468607661546324 4.850426856099425e-11
6.513490946272802 4.7616551842557266e-11
6.558685659571432 4.676455795285689e-11
6.604193962330306 4.5946844666148116e-11
6.63877065279895 4.5348785081285915e-11
6.650018030431118 4.50901478961989e-11
6.696160054853219 4.4046985406431856e-11
6.742622241778342 4.304577760689968e-11
6.789406812696109 4.2084831305877686e-11
6.83651600451024 4.116252180141325e-11
6.883952069645496 4.0277290106662945e-11
6.931717276155403 3.9427640287752083e-11
6.9798139078306605 3.861213690959177e-11
7.028244264308349 3.782940258527067e-11
7.077010661181889 3.707811562481953e-11
7.126115430111746 3.635700777931597e-11
7.175560918936925 3.566486207646005e-11
7.225349491787214 3.500051074390985e-11
7.2754835291962285 3.436283321681532e-11
7.3259654282152304 3.375075422613437e-11
7.376797602527734 3.3163241964453357e-11
7.414310474132386 3.2745491628777315e-11
7.427982482564914 3.254304159549446e-11
7.479522515621821 3.1793389990270217e-11
7.531420165974371 3.1073810960147593e-11
7.583677914997191 3.038309292339887e-11
7.636298261282246 2.9720073250696903e-11
7.68928372075831 2.908363628348061e-11
7.742636826811269 2.847271143264138e-11
7.796360130405233 2.788627135427234e-11
7.850456200204509 2.7323330199353764e-11
7.904927622696424 2.678294193437561e-11
7.959777002314982 2.6264198730019724e-11
8.015006961565405 2.5766229415140837e-11
8.070620141149503 2.5288197993397914e-11
8.126619200091946 2.4829302219994178e-11
8.183006815867394 2.4388772236088408e-11
8.239785684528515 2.3965869258537804e-11
8.284599443266442 2.3644894126454073e-11
8.296958520834906 2.3527165207839928e-11
8.354528058382867 2.298740955803067e-11
8.412497049736118 2.2469237074307563e-11
8.470868266557407 2.197178005204251e-11
8.529644499741021 2.1494205795090453e-11
8.58882855954625 2.1035715199975883e-11
8.648423275731723 2.059554139742949e-11
8.708431497690723 2.017294844894847e-11
8.76885609458743 1.9767230096150098e-11
8.829699955494087 1.9377708560777713e-11
8.890965989529159 1.900373339330498e-11
8.952657125996396 1.8644680368168804e-11
9.014776314524918 1.829995042373952e-11
9.077326525210228 1.796896864521529e-11
9.140310748756228 1.765118328870014e-11
9.20373199661822 1.734606484479613e-11
9.262972255448423 1.707352647470689e-11
9.267593301146878 1.704524524673535e-11
9.33189771573324 1.665569240817086e-11
9.396648314954696 1.628165443342108e-11
9.461848194721997 1.592250923164292e-11
9.52750047242729 1.5577659766426738e-11
9.593608287093142 1.5246533043753797e-11
9.660174799522645 1.492857914091493e-11
9.727203192450542 1.4623270274730622e-11
9.794696670695396 1.4330099907479627e-11
9.86265846131282 1.4048581889008e-11
9.931091813749795 1.3778249633552312e-11
10.0 1.3518655329870697e-11
10.069386314760271 1.3269369183331599e-11
10.139254075588154 1.3029978688665675e-11
10.209606623060465 1.2800087932138587e-11
10.280447320933098 1.2579316921952087e-11
10.351779556301762 1.2367300945730791e-11
10.365042073446785 1.2328467394420634e-11
10.423606739764013 1.2100269362863561e-11
10.495932305582278 1.1829465932219652e-11
10.56875971184804 1.1569390567867194e-11
10.642092440647247 1.1319614625868603e-11
10.715933998226712 1.107972668507543e-11
10.790287915161837 1.0849331852538545e-11
10.865157746525384 1.0628051097001494e-11
10.940547072057424 1.0415520609339278e-11
11.01645949633657 1.0211391188850922e-11
11.092898648952227 1.0015327654359914e-11
11.169868184678226 9.82700827911679e-12
11.24737178364752 9.646124248541027e-12
11.325413151528116 9.472379139877153e-12
11.403996019700331 9.30548842287754e-12
11.483124145435111 9.145178980661308e-12
11.562801312073754 8.991188649931815e-12
11.610331574590946 8.902150854450357e-12
11.643031329208767 8.820601717046591e-12
11.723818032865985 8.623813557771589e-12
11.805165285688053 8.434772479763518e-12
11.887076977119033 8.253170226187033e-12
11.969557023590427 8.078710891611988e-12
12.052609368708426 7.911110424814783e-12
12.136237983442406 7.750096151656455e-12
12.220446866314887 7.595406317224926e-12
12.305240043592615 7.446789646462537e-12
12.390621569479157 7.304004922530283e-12
12.476595526308698 7.166820582191702e-12
12.563166024741202 7.0350143275276854e-12
12.650337203959038 6.9083727533214165e-12
12.738113231864785 6.786690989480057e-12
12.826498305280598 6.66977235788442e-12
12.91549665014884 6.5574280430835725e-12
13.005112521734086 6.449476776274296e-12
13.023163050216137 6.428073117284319e-12
13.095350204826676 6.3140573815866574e-12
13.186214013947485 6.176011499851917e-12
13.27770829355429 6.043354971850385e-12
13.369837418249466 5.915874531902974e-12
13.462605792989097 5.793365428276576e-12
13.556017853293689 5.675631081308436e-12
13.650078065460137 5.5624827553125795e-12
13.744790926775366 5.453739243710765e-12
13.840160965731316 5.349226566853874e-12
13.93619274224142 5.248777682020751e-12
14.03289084785873 5.152232205102225e-12
14.130259905995336 5.0594361434985525e-12
14.22830457214352 4.9702416397768e-12
14.32702953409831 4.884506725653799e-12
14.426439512181574 4.802095085887415e-12
14.526539259467812 4.722875831675793e-12
14.627333562011298 4.6467232831808745e-12
14.634203000236921 4.6415888336127725e-12
14.728827239075018 4.547316747711912e-12
14.831025143361046 4.4498534638267715e-12
14.933932161242518 4.3561555121067e-12
15.037553212997384 4.266074919027427e-12
15.14189325304352 4.179469591367218e-12
15.246957270175745 4.0962030808188396e-12
15.352750287804227 4.0161443580708634e-12
15.459277364194769 3.939167595975786e-12
15.56654359271062 3.865151961438489e-12
15.67455410205595 3.793981415673079e-12
15.783314056521181 3.725544522490317e-12
15.89282865622978 3.659734264291896e-12
16.003103137387 3.5964478654603858e-12
16.114142772530197 3.5355866228467297e-12
16.225952870780873 3.477055743068974e-12
16.33853877809862 3.4207641863474244e-12
16.451905877536625 3.36662451661286e-12
16.483969200965284 3.351602650938848e-12
16.566059589499137 3.300292758640279e-12
16.68100537200059 3.2309314134214556e-12
16.79674872092653 3.1642149116994143e-12
16.913295170296486 3.1000402133197246e-12
17.030650292528442 3.0383083494754016e-12
17.148819698705392 2.9789242603677756e-12
17.26780903884356 2.921796639380935e-12
17.387624002162504 2.8668377835071946e-12
17.50827031735725 2.813963449771741e-12
17.62975375287206 2.7630927174149986e-12
17.75208011717634 2.714147855600587e-12
17.875255259042355 2.6670541964265656e-12
17.999285067824765 2.6217400130263855e-12
18.124175473742376 2.5781364025545176e-12
18.249932448161523 2.536177173860368e-12
18.376562003881705 2.495798739661562e-12
18.504070195423022 2.461251169841329e-12
18.630378450821453 2.4201282647943833e-12
18.632463119315595 2.419316781294121e-12
18.761746914391214 2.369470477983882e-12
18.891927762076662 2.321494429177465e-12
19.02301188668944 2.2753165652034464e-12
19.15500555573528 2.2308676439860415e-12
19.287915080207778 2.1880811388542004e-12
19.421746814890266 2.1919228406058805e-12
19.556507158659493 2.149656449243336e-12
19.692202554791713 2.108722721868374e-12
19.828839491270713 2.069056592805922e-12
19.966424501097933 2.0305946505555245e-12
20.10496416260499 1.9932750030377983e-12
20.24446509976804 1.9570371415858807e-12
20.384933982524622 1.9218218029326956e-12
20.52637752709252 1.918551148432854e-12
20.66880249629082 1.8886237721730842e-12
20.812215699863394 1.859741087246675e-12
20.95662399480433 1.8318601250206992e-12
21.102034285685942 1.804939446573594e-12
21.24845352498883 1.7789390760353651e-12
21.395888713434214 1.7538204363418742e-12
21.43353492245017 1.747528400007683e-12
21.544346900318846 1.7220062373694994e-12
21.69383518385184 1.6920747770397089e-12
21.84436071149426 1.661837466741683e-12
21.99593068030075 1.632680703981364e-12
22.14855233726359 1.604561988824283e-12
22.302232979659387 1.5774403952616908e-12
22.45697995539774 1.5512765064456682e-12
22.612800663372774 1.5260323524226212e-12
22.7697025538168 1.5016713502808284e-12
22.927693128656486 1.4781582466106834e-12
23.086779941871697 1.4554590621948521e-12
23.24697059985648 1.433541038847756e-12
23.408272761782918 1.4123725883196139e-12
23.570694139967276 1.3919232431986395e-12
23.73424250023866 1.3721636097418215e-12
23.898925662310504 1.3530653225683818e-12
24.06475150015424 1.3346010011627219e-12
24.231727942375983 1.3167442081307836e-12
24.399862972595503 1.2994694091637913e-12
24.569164629827903 1.282751934669523e-12
24.73964100886814 1.266567943034995e-12
24.790390594029812 1.2618568830660185e-12
24.911300260677884 1.247506149504568e-12
25.084150592775387 1.2277056490138031e-12
25.258200269627846 1.2086085904386634e-12
25.433457613046482 1.1901884833891916e-12
25.6099310025846 1.1724198490148435e-12
25.787628875938008 1.1552781833062226e-12
25.966559729348695 1.138739922268858e-12
26.14673211801092 1.1227824089464294e-12
26.3281546564802 1.1073838622790152e-12
26.51083601908539 1.0925233477864524e-12
26.694784940343208 1.078180750079397e-12
26.880010215376046 1.0643367472041605e-12
27.06652070033241 1.0509727868404542e-12
27.254325312810277 1.038071064380554e-12
27.443433032283654 1.0256145029273573e-12
27.6338529005317 1.0135867352624024e-12
27.825594022071257 1.001972087848869e-12
28.018665564591952 9.907555669440518e-13
28.213076759394706 9.799228469175914e-13
28.40883690183304 9.694602608826084e-13
28.60595535175742 9.593547937691696e-13
28.80444153396298 9.49594077987654e-13
29.004304938639915 9.401663918513462e-13
29.20555512182745 9.310606609531858e-13
29.40820170587064 9.222664627147308e-13
29.612254379880344 9.137740343553438e-13
29.677215906273325 9.11162756115487e-13
29.817722900196735 9.042597672611471e-13
30.02461709085549 8.94555659074179e-13
30.23294684405776 8.852793258808638e-13
30.442722120643026 8.76421226870453e-13
30.653952950565266 8.679726580107382e-13
30.866649433372746 8.599257654187636e-13
31.080821738690638 8.522735626930035e-13
31.296480106707502 8.450099524930964e-13
31.513634848664793 8.381297526804354e-13
31.732296347349763 8.316287273633716e-13
31.952475057592135 8.255036232217063e-13
32.174181506763716 8.197522115156833e-13
32.39742629528195 8.143733362164696e-13
32.622220097116696 8.093669687248637e-13
32.84857366030044 8.047342696741647e-13
33.07649780744242 8.004776583382153e-13
33.30600343624589 7.966008901864702e-13
33.53710152002929 7.931091431421945e-13
33.76980310825091 7.900091131044984e-13
34.00411932703706 7.873091192875166e-13
34.240061379714255 7.850192199062817e-13
34.47764054734464 7.831513386950269e-13
34.7168681892656 7.817194026738849e-13
34.95775574363275 7.807394914787699e-13
35.20031472796679 7.802299984302766e-13
35.44455673970435 7.802118033321979e-13
35.69049345675229 7.807084567526602e-13
35.93813663804626 7.817463752412823e-13
36.18749812411281 7.833550465678717e-13
36.43858983763545 7.855672436245892e-13
36.69142378402494 7.884192451102334e-13
36.94601205199302 7.91951060511271e-13
37.202366814130656 7.962066562135106e-13
37.46050032748993 8.012341788324068e-13
37.720424934169976 8.070861710608043e-13
37.98215306190736 8.138197745340135e-13
38.24569722466999 8.214969134542966e-13
38.51107002325569 8.301844520686847e-13
38.778284145894574 8.399543186455567e-13
39.0473523688556 8.508835884586844e-13
39.3182875570577 8.630545185956928e-13
39.591102664684584 8.765545283104301e-13
39.865810735804395 8.914761202942077e-13
40.14242490499322 9.079167408013549e-13
40.19389240936527 9.11162756115487e-13
40.42095839796306 9.267948384837594e-13
40.70142453219439 9.477494891657436e-13
40.983836717572615 9.707068799286069e-13
41.268208457029516 9.957628110117023e-13
41.55455334718875 1.0230128689724536e-12
41.8428850790158 1.0525529846989834e-12
42.13321743847289 1.0844803328275799e-12
42.42556430717777 1.118894587361641e-12
42.71993966306777 1.1558995319136643e-12
43.01635758106794 1.1956050065363577e-12
43.31483223376399 1.2381291583120494e-12
43.474700717165554 1.2618568830660185e-12
43.615377892080055 1.2844375158172484e-12
43.91800892596086 1.3347873801118479e-12
44.22273980505897 1.3884232826767162e-12
44.529585099426555 1.445561293830271e-12
44.83855948021186 1.506445572407845e-12
45.14967772036102 1.5713506300299735e-12
45.462954695323994 1.6405837821837666e-12
45.77840538376616 1.714487870757229e-12
45.91482225470777 1.747528400007683e-12
46.09604486828434 1.795597331739333e-12
46.41588833612777 1.884242576287732e-12
46.737951079924635 1.979489613667402e-12
47.06224849841281 2.081954112295758e-12
47.38879609717651 2.192320044171012e-12
47.717609489387456 2.311348270205987e-12
48.000063996598385 2.4201282647943833e-12
48.048704396551294 2.4415570892706983e-12
48.38209664925957 2.5929008881942793e-12
48.71780218794631 2.757917170396713e-12
49.05583706365046 2.93812239611416e-12
49.396217438783204 3.1352299404485145e-12
49.738959587900624 3.351179362303341e-12
49.739617511123214 3.351602650938848e-12
50.08407989848212 3.6250942053595724e-12
50.431594871713585 3.929889914555682e-12
50.78152112327676 4.269636339930792e-12
51.12740197093883 4.6415888336127725e-12
51.13387538414326 4.6510502697352525e-12
51.48867450137492 5.190994573021091e-12
51.84593543892913 5.808755847340102e-12
52.16400619137011 6.428073117284319e-12
52.205675278469755 6.557034653971593e-12
52.56791122018424 7.757409381784782e-12
52.86650330267398 8.902150854450357e-12
52.93266058360561 9.415739835766643e-12
53.272344758849876 1.2328467394420634e-11
53.29994080844088 1.3078896563280184e-11
53.4429860194708 1.7073526474706887e-11
53.43556129173894 2.3644894126454073e-11
53.30443259767071 3.274549162877732e-11
53.29994080844088 3.299958126507859e-11
53.09610883951702 4.5348785081285915e-11
52.93266058360561 5.496092202990961e-11
52.80576625209314 6.280291441834247e-11
52.56791122018424 7.790600395836039e-11
52.42942354588637 8.697490026177835e-11
52.205675278469755 1.0256809876804246e-10
51.95086788962023 1.2045035402587787e-10
51.84593543892913 1.2861183726669529e-10
51.48867450137492 1.5656613389454883e-10
51.35801323065128 1.6681005372000558e-10
51.13387538414326 1.8719191558201126e-10
50.78152112327676 2.184083237027779e-10
50.6387009747032 2.310129700083158e-10
50.431594871713585 2.53459722032834e-10
50.08407989848212 2.9003687914574874e-10
49.785491465550145 3.1992671377973845e-10
49.738959587900624 3.260733948706671e-10
49.396217438783204 3.7170173205427443e-10
49.05583706365046 4.1369152329264614e-10
48.80727458474521 4.4306214575838866e-10
48.71780218794631 4.5809602349653857e-10
48.38209664925957 5.13933569298073e-10
48.048704396551294 5.647521013363323e-10
47.717609489387456 6.114313959048981e-10
47.70271975919198 6.135907273413163e-10
47.38879609717651 6.831259166651854e-10
47.06224849841281 7.487252254068466e-10
46.737951079924635 8.080514758475944e-10
46.49676649530197 8.497534359086437e-10
46.41588833612777 8.73468692945715e-10
46.09604486828434 9.653871568068294e-10
45.77840538376616 1.046739714416672e-09
45.462954695323994 1.1195358146036135e-09
45.19506502792325 1.1768119524349943e-09
45.14967772036101 1.194989590962008e-09
44.83855948021186 1.318194363622778e-09
44.529585099426555 1.4254614665700312e-09
44.22273980505897 1.5199652515147482e-09
43.91800892596086 1.6042416447603397e-09
43.82501414053611 1.62975083462064e-09
43.615377892080055 1.7470145009034553e-09
43.31483223376398 1.8991038978435097e-09
43.01635758106795 2.0303205400515214e-09
42.71993966306777 2.1450060948056604e-09
42.42556430717777 2.2465882859053735e-09
42.395969379448395 2.257019719633917e-09
42.13321743847289 2.4645579540248274e-09
41.8428850790158 2.6623800622214075e-09
41.55455334718875 2.830864577966667e-09
41.268208457029516 2.9763867566216967e-09
40.983836717572615 3.103911141376899e-09
40.9356973174241 3.1257158496882354e-09
40.70142453219439 3.3898062322013032e-09
40.42095839796306 3.6620385675827114e-09
40.14242490499322 3.8899911115886565e-09
39.86581073580439 4.083728365540652e-09
39.591102664684584 4.2509656503104294e-09
39.45724347977624 4.328761281083061e-09
39.3182875570577 4.554628604264211e-09
39.0473523688556 4.9534676530600545e-09
38.778284145894574 5.280457633890812e-09
38.51107002325569 5.552719522883485e-09
38.24569722466999 5.7831474640505025e-09
37.98215306190736 5.981529863898732e-09
37.964978779279505 5.994842503189421e-09
37.720424934169976 6.5714066228618125e-09
37.46050032748993 7.0727587868277815e-09
37.202366814130656 7.47999573041454e-09
36.94601205199302 7.816360752452836e-09
36.69142378402494 8.099161116673826e-09
36.486140198705186 8.302175681319736e-09
36.43858983763545 8.466555690603769e-09
36.18749812411281 9.295707289196922e-09
35.93813663804626 9.950364895799253e-09
35.69049345675229 1.0475892390945474e-08
35.44455673970435 1.090535013027478e-08
35.20031472796679 1.1263048266001147e-08
35.02179192891759 1.1497569953977357e-08
34.95775574363275 1.1822417571486326e-08
34.7168681892656 1.296485424033722e-08
34.47764054734464 1.3853309500913706e-08
34.240061379714255 1.455631083772495e-08
34.00411932703706 1.5123093632606043e-08
33.76980310825091 1.5589367222218825e-08
33.57822944163558 1.592282793341094e-08
33.53710152002929 1.6230350141596912e-08
33.30600343624589 1.7872408023670128e-08
33.07649780744242 1.9127266015070657e-08
32.84857366030044 2.0103429060225646e-08
32.622220097116696 2.0877655696754647e-08
32.39742629528195 2.150478864384154e-08
32.174181506763716 2.2024396398369266e-08
32.16305520673464 2.205130739903041e-08
31.952475057592135 2.4357231367289816e-08
31.732296347349763 2.6205480346245505e-08
31.513634848664793 2.761550561748875e-08
31.296480106707506 2.8712608252659312e-08
31.080821738690638 2.958486933704347e-08
30.866649433372746 3.0294845377202196e-08
30.790254782971893 3.053855508833412e-08
30.653952950565266 3.2752686040485456e-08
30.442722120643026 3.5598343585676795e-08
30.232946844057764 3.772274537812459e-08
30.024617090855493 3.9340192963400354e-08
29.817722900196735 4.059870459251999e-08
29.612254379880344 4.160163012127946e-08
29.447291245021436 4.229242874389499e-08
29.40820170587064 4.323775146092854e-08
29.20555512182745 4.782959206460448e-08
29.004304938639915 5.1177940830392175e-08
28.80444153396298 5.3667174047112994e-08
28.60595535175742 5.55577916451077e-08
28.40883690183304 5.702837212747401e-08
28.213076759394706 5.8202712982815236e-08
28.149704122104044 5.857020818056673e-08
28.018665564591952 6.323731211132389e-08
27.82559402207126 6.87744429231506e-08
27.6338529005317 7.278709235863964e-08
27.443433032283654 7.575598102060227e-08
27.254325312810277 7.800420604667721e-08
27.06652070033241 7.975150467917598e-08
26.88617071985072 8.111308307896855e-08
26.880010215376043 8.14413586934178e-08
26.694784940343208 9.107499399602746e-08
26.51083601908539 9.7871884480108e-08
26.3281546564802 1.0276366015974683e-07
26.14673211801092 1.0636331625955696e-07
25.9665597293487 1.0907926594589838e-07
25.787628875938008 1.1118695661878894e-07
25.67767726789649 1.1233240329780266e-07
25.609931002584595 1.1766333326233032e-07
25.433457613046482 1.2979499703264576e-07
25.258200269627846 1.3828021065063556e-07
25.084150592775387 1.4434068853220627e-07
24.911300260677884 1.4877264065869715e-07
24.73964100886814 1.5210170463990746e-07
24.569164629827903 1.5467929017858054e-07
24.50729622229711 1.5556761439304723e-07
24.399862972595503 1.680624524025088e-07
24.231727942375983 1.8359975702065013e-07
24.06475150015424 1.9436493476790623e-07
23.898925662310504 2.0198932220331837e-07
23.73424250023866 2.0752549521038556e-07
23.570694139967276 2.1166169729261989e-07
23.408272761782918 2.1485383649439742e-07
23.37843672865169 2.154434690031878e-07
23.24697059985648 2.3805982157828992e-07
23.086779941871697 2.582862511824745e-07
22.927693128656486 2.7215818648445044e-07
22.7697025538168 2.8189217454763347e-07
22.612800663372774 2.889035053015732e-07
22.45697995539774 2.941083498426065e-07
22.302232979659387 2.9810779539669905e-07
22.29277285071576 2.9836472402833343e-07
22.148552337263588 3.3508971799417067e-07
21.99593068030075 3.6184288173382523e-07
21.84436071149426 3.7999084170289974e-07
21.693835183851842 3.9259652515612924e-07
21.544346900318846 4.015944318173639e-07
21.395888713434214 4.082237945971329e-07
21.251930142032872 4.1320124001153343e-07
21.24845352498883 4.1453591223771254e-07
21.102034285685942 4.693202652211765e-07
20.95662399480433 5.052638548122545e-07
20.812215699863394 5.293612571844237e-07
20.66880249629082 5.459151413958417e-07
20.52637752709252 5.576123110454772e-07
20.384933982524622 5.661552434071099e-07
20.25614986874675 5.722367659350221e-07
20.24446509976804 5.788873246203871e-07
20.10496416260499 6.546127204997266e-07
19.966424501097933 7.03656397659906e-07
19.828839491270713 7.361272320681789e-07
19.692202554791713 7.581676338414951e-07
19.556507158659493 7.735681527076453e-07
19.421746814890266 7.84703515453083e-07
19.300870645142158 7.924828983539153e-07
19.287915080207778 8.03420533323246e-07
19.15500555573528 9.097835996494528e-07
19.02301188668944 9.777391553818054e-07
18.891927762076662 1.0221380321479148e-06
18.761746914391214 1.0518893657632947e-06
18.6324631193156 1.072423912091918e-06
18.504070195423022 1.0871039919360749e-06
18.385288099072735 1.0974987654930544e-06
18.376562003881705 1.1084307848535938e-06
18.249932448161523 1.2602380718495797e-06
18.124175473742376 1.3558575135861457e-06
17.999285067824765 1.4174628937662717e-06
17.875255259042355 1.4581810114849847e-06
17.75208011717634 1.4859120436617288e-06
17.62975375287206 1.5054874745955951e-06
17.50827031735725 1.5199088287245256e-06
17.508252898406273 1.519911082952933e-06
17.387624002162504 1.74003295469478e-06
17.26780903884356 1.8766716352904411e-06
17.148819698705392 1.9634232563203324e-06
17.030650292528442 2.0199336353568995e-06
16.913295170296486 2.057870573908839e-06
16.79674872092653 2.084279233934834e-06
16.68100537200059 2.1034829721716317e-06
16.672914665423544 2.104904144512022e-06
16.566059589499137 2.3943846918687834e-06
16.451905877536625 2.5927003928786653e-06
16.33853877809862 2.7166992920336515e-06
16.225952870780873 2.7962461452463134e-06
16.114142772530197 2.8488354662807824e-06
16.003103137387 2.8848916518180958e-06
15.89282865622978 2.910730714787715e-06
15.874652344202364 2.91505306282517e-06
15.78331405652118 3.2825249943290902e-06
15.67455410205595 3.5749165139897185e-06
15.56654359271062 3.7548562968205417e-06
15.459277364194769 3.868459173199356e-06
15.352750287804227 3.942356026772819e-06
15.246957270175745 3.992198720621522e-06
15.14189325304352 4.02734581280055e-06
15.111768611704747 4.037017258596549e-06
15.037553212997384 4.4805517972376735e-06
14.933932161242518 4.918557734577741e-06
14.831025143361044 5.1837173584308125e-06
14.728827239075018 5.348366542551857e-06
14.627333562011298 5.453665111864339e-06
14.526539259467812 5.523461775729813e-06
14.426439512181574 5.571821639487455e-06
14.382502242311014 5.590810182512223e-06
14.327029534098312 6.083383813777169e-06
14.22830457214352 6.750188626990555e-06
14.130259905995336 7.147078542674055e-06
14.03289084785873 7.3893348177355805e-06
13.93619274224142 7.5415556512370745e-06
13.840160965731316 7.640621568613958e-06
13.744790926775366 7.707975804849117e-06
13.685028288225205 7.742636826811277e-06
13.650078065460137 8.203825251472697e-06
13.556017853293689 9.235702563928904e-06
13.462605792989097 9.8392814534385e-06
13.369837418249466 1.0201258380356181e-05
13.27770829355429 1.042460097377565e-05
13.186214013947485 1.0567202999257854e-05
13.095350204826676 1.0662232157296997e-05
13.017444873681615 1.0722672220103209e-05
13.005112521734086 1.0964536701801027e-05
12.91549665014884 1.2588161435771049e-05
12.826498305280598 1.3521037417844178e-05
12.738113231864785 1.4070480750344889e-05
12.650337203959038 1.4403218957500195e-05
12.563166024741202 1.4611521104574421e-05
12.476595526308698 1.4747446750271437e-05
12.390621569479157 1.4840930907645584e-05
12.383024032465975 1.4849682622544636e-05
12.305240043592615 1.7072669655974568e-05
12.220446866314887 1.8538452694025818e-05
12.136237983442406 1.9385964382125292e-05
12.052609368708426 1.9889520218577616e-05
11.969557023590427 2.019845948366127e-05
11.887076977119033 2.0395718449556494e-05
11.805165285688055 2.0528262826581232e-05
11.781178970538809 2.0565123083486515e-05
11.723818032865985 2.3001942879922124e-05
11.643031329208767 2.5344053893619785e-05
11.562801312073754 2.6672954736300382e-05
11.483124145435111 2.744737461293463e-05
11.403996019700331 2.791284400774736e-05
11.325413151528116 2.82035039701139e-05
11.24737178364752 2.839412362050215e-05
11.205157545500661 2.8480358684357933e-05
11.169868184678226 3.070899752032794e-05
11.092898648952227 3.451597919263145e-05
11.01645949633657 3.6634861523830115e-05
10.940547072057424 3.7845596066889065e-05
10.865157746525384 3.8558372824823354e-05
10.790287915161835 3.899352541602311e-05
10.715933998226712 3.92718707339748e-05
10.653027172696106 3.944206059437648e-05
10.642092440647247 4.046867231548321e-05
10.56875971184804 4.676579748055283e-05
10.495932305582278 5.0202437317220005e-05
10.423606739764011 5.2127372471217996e-05
10.351779556301762 5.3237168927494814e-05
10.280447320933098 5.38994848012113e-05
10.209606623060465 5.431253407457864e-05
10.139254075588154 5.458542813206282e-05
10.129977053224147 5.462277217684337e-05
10.069386314760271 6.291339744071422e-05
10.0 6.85852481105009e-05
9.931091813749795 7.169856989550796e-05
9.86265846131282 7.345618156687694e-05
9.794696670695396 7.448154153934853e-05
9.727203192450542 7.510493702714185e-05
9.660174799522645 7.55051233015356e-05
9.633604039834154 7.56463327554629e-05
9.593608287093142 8.378235540796977e-05
9.52750047242729 9.331115148202023e-05
9.461848194721997 9.843525550670271e-05
9.396648314954696 0.0001012675518095163
9.33189771573324 0.00010288286897147169
9.267593301146878 0.00010384039985528177
9.20373199661822 0.00010443752717052267
9.15735896261696 0.00010476157527896618
9.140310748756228 0.0001099171897837415
9.077326525210228 0.00012621929839356962
9.014776314524918 0.00013480443548865098
8.952657125996396 0.00013944988085353704
8.890965989529159 0.00014204023955542673
8.829699955494087 0.00014353782603244552
8.76885609458743 0.0001444452234116754
8.708431497690723 0.00014503080749934434
8.703430685562402 0.00014508287784959373
8.648423275731723 0.0001693290506163534
8.58882855954625 0.00018397676667005394
8.529644499741021 0.00019173429311726206
8.470868266557407 0.00019596399254612242
8.412497049736118 0.00019834986681045822
8.354528058382867 0.00019975511893811392
8.296958520834906 0.0002006323989911989
8.275637748247004 0.0002009233002565046
8.239785684528515 0.00022441574916082905
8.183006815867394 0.0002498756446815827
8.126619200091946 0.00026306930804774654
8.070620141149503 0.0002701035997045307
8.015006961565405 0.0002739765398038256
7.959777002314982 0.00027619549412556357
7.904927622696424 0.0002775362337600975
7.864495007835153 0.0002782559402207126
7.850456200204509 0.00029193002184976297
7.796360130405233 0.0003370318052901557
7.742636826811269 0.00035989325013375726
7.68928372075831 0.0003718112662334442
7.636298261282246 0.0003782183689118198
7.583677914997191 0.00038179201971470035
7.531420165974372 0.00038388381488852006
7.479522515621821 0.00038519234519390517
7.473479927082062 0.00038535285937105196
7.427982482564914 0.00044994953758393955
7.376797602527734 0.0004903237341393128
7.3259654282152304 0.000510900602785796
7.2754835291962285 0.000521704623687775
7.225349491787214 0.0005275756902732722
7.175560918936925 0.000530908785503575
7.126115430111746 0.0005329180138860761
7.104337552198335 0.0005336699231206301
7.077010661181889 0.0005913377743782388
7.028244264308349 0.0006640405863754444
6.9798139078306605 0.0007002549474495895
6.931717276155404 0.0007188281807094689
6.883952069645496 0.0007286682137700353
6.836516004510239 0.000734093311720132
6.789406812696109 0.0007372492677981574
6.748590958623459 0.0007390722033525775
6.742622241778342 0.0007577912965017379
6.696160054853219 0.0008913438333505044
6.650018030431118 0.0009563364999076385
6.604193962330306 0.0009888944350285689
6.558685659571432 0.001005720005938735
6.513490946272802 0.0010147398194832841
6.468607661546324 0.0010198124513694626
6.4240336593941905 0.00102286378151292
6.414038874161269 0.001023531021899027
6.379766808606282 0.001180218403670134
6.335804992658251 0.0012992083766414978
6.292146109610344 0.0013574194091188283
6.248788072006891 0.001386773073135599
6.2057288067765 0.0014020900215697206
6.162966255132942 0.0014104332919230426
6.1204983724767 0.0014152560771506766
6.09470951592292 0.0014174741629268018
6.07832312829723 0.0015287970829551696
6.036438506075867 0.0017511411666952855
5.994842503189409 0.001857328774284347
5.95353313081437 0.0019095831381497107
5.912508413831878 0.0019361460374600385
5.871766390733256 0.00195018516264445
5.831305113526222 0.001958002930235174
5.7911226476417585 0.0019626950534642872
5.7884365390945085 0.0019630406500402682
5.751217071841614 0.0023316607674224543
5.711586478126432 0.002529373878485124
5.672228971644543 0.0026243103193323
5.633142670601354 0.002671350414274316
5.594325706169378 0.0026955103402485133
5.555776222398878 0.0027085042802655213
5.517492376129126 0.0027159644706863492
5.501597368503586 0.00271858824273294
5.479472336900287 0.003044154507486577
5.44171428686589 0.0034200746959557726
5.404216420705915 0.003596156962615116
5.366976945540476 0.0036812214836756006
5.329994080844091 0.003723727590736676
5.293266058360562 0.003745860838365134
5.256791122018422 0.0037580564866272655
5.224134936276552 0.003764935806792456
5.220567527846975 0.0038429129063571915
5.184593543892911 0.004573195413413995
5.148867450137495 0.0049067247990236375
5.113387538414326 0.005063820103594909
5.078152112327674 0.005140254527785134
5.0431594871713585 0.005178866028590513
5.00840798984821 0.005199354110448978
4.973895958790065 0.005211028649737402
4.964457112560831 0.005214008287999674
4.9396217438783205 0.006005468284878288
4.905583706365048 0.006650961734586318
4.871780218794631 0.006947317068981642
4.838209664925955 0.00708777528098678
4.804870439655131 0.007156717887985513
4.771760948938746 0.007192056834700683
4.738879609717653 0.007211307288594415
4.715187593268298 0.007220809018385456
4.7062248498412815 0.007645019659222237
4.673795107992461 0.008922131556788403
4.641588833612779 0.009493412958038558
4.609604486828434 0.009757187244566663
4.577840538376619 0.009883122408270405
4.546295469532399 0.009945643309699988
4.5149677720360994 0.00997834236824713
4.483855948021189 0.00999681583167992
4.478562151646199 0.01

