0.001800930620782006 0.01
0.0020682584261676766 0.008639026955521776
0.0020718385059950665 0.008497534359086437
0.002111232178229002 0.007220809018385456
0.002165787938024936 0.006135907273413163
0.0022413414662473628 0.005214008287999684
0.0023459745177933245 0.004430621457583878
0.00249087940487668 0.0037649358067924636
0.002691556208146784 0.003199267137797384
0.002969470778050444 0.0027185882427329397
0.0031145189601353533 0.0025324119834889518
0.0031619967639062736 0.002310129700083158
0.0032675139591335214 0.0019630406500402682
0.0034136432847514417 0.0016681005372000592
0.00361601579626068 0.0014174741629268048
0.0038962787293945734 0.001204503540258781
0.00416077949410303 0.001069198122059056
0.004198114296746013 0.0010235310218990247
0.00436043670791952 0.0008697490026177834
0.004585234802925506 0.0007390722033525775
0.004896554621014599 0.0006280291441834246
0.005207040028070707 0.0005543459181339468
0.005252627583959387 0.0005336699231206301
0.005478221944386898 0.0004534878508128582
0.005790644499606279 0.00038535285937105267
0.006223314238445652 0.00032745491628777246
0.0062533005620383835 0.00032410959957150344
0.006493848166516859 0.0002782559402207126
0.006844528746603573 0.0002364489412645407
0.00729956109600606 0.0002025695298219943
0.007315320308048336 0.0002009233002565046
0.00766146967672421 0.00017073526474706887
0.008140847219870014 0.000145082877849594
0.008345821629973738 0.00013675226304483626
0.008593079188731189 0.0001232846739442066
0.009088448336639895 0.0001047615752789664
0.009392082163941414 9.651806128178328e-05
0.009626500697634861 8.902150854450374e-05
0.010208919874921733 7.56463327554629e-05
0.01043834269790909 7.161103647742514e-05
0.010783940171877265 6.428073117284319e-05
0.011452803078366887 5.462277217684336e-05
0.011484603231876767 5.423767572272661e-05
0.01206350032414143 4.641588833612773e-05
0.012530863765844443 4.194719967371582e-05
0.01277462904858847 3.944206059437656e-05
0.013547046876992177 3.351602650938841e-05
0.01357712429981212 3.332204035695422e-05
0.014381289603505994 2.848035868435799e-05
0.014623384833779795 2.732250861036853e-05
0.015238837836588706 2.4201282647943832e-05
0.015669645367747474 2.2460820857647112e-05
0.016162955939732764 2.0565123083486515e-05
0.016715905901715154 1.8811036976014596e-05
0.017141264414662793 1.7475284000076827e-05
0.01731192838058352 1.7027749615071288e-05
0.02867557108753846 4.718729237885414e-06
0.029271032309327275 4.49361382052984e-06
0.03031729284329495 4.15730126639242e-06
0.030740292279812273 4.037017258596549e-06
0.031363553377262626 3.857283920553346e-06
0.0324098139112303 3.5943082326506804e-06
0.033173504352168905 3.4304692863149127e-06
0.03345607444519798 3.36802355337762e-06
0.034502334979165654 3.155992336607342e-06
0.03554859551313333 2.9787052135437123e-06
0.035966639204542857 2.9150530628251757e-06
0.036594856047101006 2.8144542192159552e-06
0.03764111658106868 2.6659929768265444e-06
0.03868737711503636 2.5397687141531106e-06
0.03927164453531611 2.477076355991709e-06
0.03973363764900403 2.423977678355069e-06
0.040779898182971716 2.3151609843751062e-06
0.04182615871693939 2.221495045294968e-06
0.04287241925090707 2.1406214987540848e-06
0.04338731558839283 2.104904144512022e-06
0.043918679784874744 2.064555627637085e-06
0.04496494031884242 1.99311329513385e-06
0.046011200852810095 1.9310857063567284e-06
0.04705746138677778 1.877215028065188e-06
0.048103721920745454 1.8304603706240273e-06
0.04914998245471313 1.7899589317659941e-06
0.04918756044718615 1.788649529057435e-06
0.050196242988680806 1.7490447629740193e-06
0.05124250352264848 1.7137186650889857e-06
0.05228876405661615 1.683636726943133e-06
0.05333502459058383 1.6583273214419074e-06
0.05438128512455151 1.637408377311545e-06
0.05542754565851919 1.6205762715809352e-06
0.056473806192486875 1.607597346955935e-06
0.057520066726454544 1.5983016771087604e-06
0.05856632726042223 1.59257881565233e-06
0.059612587794389896 1.5903753611909326e-06
0.06065884832835757 1.5916942580414911e-06
0.06170510886232525 1.5965958360046117e-06
0.06275136939629293 1.605200678783831e-06
0.06379762993026061 1.6176945055689093e-06
0.06484389046422828 1.6343353612192977e-06
0.06589015099819595 1.6554635465384654e-06
0.06693641153216363 1.68151489332753e-06
0.06798267206613132 1.7130382156180153e-06
0.069028932600099 1.7507180715936696e-06
0.06992324269628111 1.788649529057435e-06
0.07007519313406667 1.7943894892562785e-06
0.07112145366803435 1.8392111303040656e-06
0.07216771420200202 1.8919938013134752e-06
0.07321397473596972 1.9541218475127846e-06
0.07426023526993737 2.0273269421618758e-06
0.07520632287281502 2.104904144512022e-06
0.07530649580390505 2.112453125526406e-06
0.07635275633787272 2.199533474455238e-06
0.0773990168718404 2.303219293365404e-06
0.07844527740580809 2.4273704973380795e-06
0.07881874905811637 2.477076355991709e-06
0.07949153793977576 2.5619955066789085e-06
0.08053779847374343 2.7164270522083128e-06
0.08158405900771111 2.905610474296768e-06
0.08163229069557339 2.915053062825176e-06
0.08263031954167879 3.1058905952639914e-06
0.08367658007564645 3.3545851436519435e-06
0.08396124825882809 3.4304692863149122e-06
0.08472284060961414 3.6335210670307595e-06
0.08576910114358183 3.976868534874828e-06
0.08593470838977368 4.037017258596549e-06
0.0868153616775495 4.366116006986024e-06
0.08765097612855091 4.750810162102793e-06
0.08786162221151718 4.852237348174028e-06
0.08890788274548485 5.43116694823155e-06
0.08916094724907357 5.590810182512223e-06
0.08995414327945253 6.134802784349973e-06
0.09050764146312903 6.579332246575682e-06
0.0910004038134202 7.019642449377253e-06
0.0917059355769701 7.742636826811277e-06
0.09204666434738788 8.141506351486079e-06
0.09278662189143216 9.111627561154887e-06
0.09309292488135557 9.584570117374639e-06
0.09376927300740884 1.072267222010323e-05
0.09413918541532323 1.1482322487403277e-05
0.0946632952393723 1.261856883066021e-05
0.0951854459492909 1.4059651161356222e-05
0.0954670318464979 1.4849682622544634e-05
0.0961839954697117 1.7475284000076827e-05
0.09623170648325859 1.76863050280547e-05
0.09690190394867781 2.0565123083486515e-05
0.09727796701722627 2.2869162982796497e-05
0.09751487424963191 2.4201282647943832e-05
0.09809569620523709 2.848035868435799e-05
0.09832422755119394 3.081530189714515e-05
0.09863377865128145 3.35160265093884e-05
0.09912492563141001 3.944206059437656e-05
0.09937048808516162 4.375967610147037e-05
0.09956509834496387 4.641588833612773e-05
0.10002195746281807 5.462277217684337e-05
0.1003518467066514 6.428073117284319e-05
0.10041674861912929 6.669997217404434e-05
0.10076962855044094 7.56463327554629e-05
0.10111986086622857 8.902150854450375e-05
0.10137275693266551 0.0001047615752789664
0.10146300915309697 0.00011242456017730628
0.10169175638838576 0.0001232846739442066
0.10201833631425736 0.000145082877849594
0.1022541534416531 0.00017073526474706887
0.10242443248567198 0.0002009233002565046
0.10250926968706466 0.00022282241849083933
0.10263923526407104 0.00023644894126454073
0.10294194796952849 0.00027825594022071263
0.10316053103288317 0.00032745491628777246
0.10331836568839697 0.0003853528593710527
0.10343233507879175 0.0004534878508128582
0.10351463019899 0.0005336699231206301
0.10355553022103232 0.0005916579806874053
0.10367157835227575 0.0006280291441834246
0.10394039485020468 0.0007390722033525775
0.10413450210945827 0.0008697490026177834
0.10427466325427351 0.0010235310218990247
0.10437587094012442 0.001204503540258781
0.10444895107719662 0.0014174741629268048
0.10450172084848022 0.001668100537200059
0.1045398248925185 0.0019630406500402682
0.10456733909500135 0.002310129700083158
0.10458720657514353 0.0027185882427329397
0.10460155250312186 0.003199267137797384
0.104601790755 0.003208721990214341

