0.0010219978922 0.003011429195812239
0.0010256686637365115 0.0027185882427329397
0.0010331068203486991 0.002310129700083158
0.0010434078220692112 0.0019630406500402682
0.001057673538963653 0.001668100537200059
0.0010774299358689288 0.0014174741629268048
0.0011047903006908937 0.001204503540258781
0.001142681297049197 0.0010235310218990247
0.0011951560215043456 0.0008697490026177834
0.0012678275522449306 0.0007390722033525775
0.0013684693647558976 0.0006280291441834246
0.0015078468392947133 0.0005336699231206301
0.0017008688042628134 0.0004534878508128582
0.0019681822929268032 0.0003853528593710527
0.0020682584261676766 0.0003657199184450619
0.002093164323828665 0.00032745491628777246
0.0021404348368326636 0.0002782559402207126
0.0022058991260606982 0.00023644894126454073
0.0022965597280255904 0.0002009233002565046
0.0024221143601091347 0.00017073526474706887
0.0025959932589470045 0.000145082877849594
0.002836795776220547 0.0001232846739442066
0.0031145189601353533 0.00010710699241889092
0.0031257055984492757 0.0001047615752789664
0.0032183584547398098 8.902150854450375e-05
0.0033466721326872845 7.56463327554629e-05
0.003524371996540166 6.428073117284319e-05
0.0037704661161885693 5.4622772176843374e-05
0.004111278508569816 4.641588833612773e-05
0.00416077949410303 4.544228178287649e-05
0.004282351913956584 3.944206059437656e-05
0.004470442458245232 3.351602650938841e-05
0.004730926489618637 2.848035868435799e-05
0.005091667274633394 2.420128264794383e-05
0.005207040028070707 2.3133287945539747e-05
0.005353901242501957 2.0565123083486515e-05
0.005618360907838144 1.7475284000076827e-05
0.0059846074941456145 1.4849682622544636e-05
0.0062533005620383835 1.3490064685024294e-05
0.006359647954506716 1.261856883066021e-05
0.0066728392410063 1.072267222010323e-05
0.0071065735853188886 9.111627561154887e-06
0.00729956109600606 8.569537330869935e-06
0.007504148569856915 7.742636826811277e-06
0.00792160015350543 6.579332246575681e-06
0.008345821629973738 5.79600986608253e-06
0.008428423918399059 5.590810182512223e-06
0.008858141903547657 4.750810162102793e-06
0.009392082163941414 4.091553879425027e-06
0.009430855839013309 4.037017258596549e-06
0.009953261677640286 3.4304692863149122e-06
0.01043834269790909 3.0500503049036863e-06
0.010580891941133803 2.9150530628251757e-06
0.011180006784339218 2.477076355991709e-06
0.011484603231876767 2.3112857204265684e-06
0.011832540221077263 2.104904144512022e-06
0.012530863765844445 1.8080014074253385e-06
0.012574325231275179 1.788649529057435e-06
0.013301314192399865 1.519911082952933e-06
0.013577124299812122 1.4415373812509018e-06
0.01408045979182902 1.2915496650148827e-06
0.014623384833779797 1.1667419420811467e-06
0.014946019911715158 1.0974987654930544e-06
0.015669645367747474 9.710522359891187e-07
0.01589173094020674 9.326033468832199e-07
0.016715905901715154 8.145853113462643e-07
0.01687616125137193 7.924828983539169e-07
0.01776216643568283 6.89498659741479e-07
0.017916163843268336 6.734150657750828e-07
0.018808426969650505 5.923748310329827e-07
0.019048861795770117 5.72236765935022e-07
0.01985468750361818 5.126673744556002e-07
0.0202576092967892 4.862601580065353e-07
0.02090094803758586 4.4829515028218394e-07
0.021612965922066497 4.132012400115334e-07
0.021947208571553536 3.979559486630976e-07
0.022993469105521212 3.539439809142388e-07
0.023068742243980474 3.511191734215127e-07
0.024039729639488895 3.1663245392619374e-07
0.024641885461028266 2.9836472402833343e-07
0.025085990173456564 2.8549089351285564e-07
0.026132250707424243 2.589963287792244e-07
0.026376799878787507 2.5353644939701113e-07
0.02717851124139192 2.3599121067712442e-07
0.028224771775359595 2.1703721000948019e-07
0.028319814597389942 2.1544346900318824e-07
0.029271032309327275 1.994989742886666e-07
0.03031729284329495 1.851259785388184e-07
0.03047982581622516 1.8307382802953697e-07
0.031363553377262626 1.7172548778821276e-07
0.0324098139112303 1.6043428052535138e-07
0.03292125956382988 1.5556761439304723e-07
0.03345607444519798 1.503110526971263e-07
0.034502334979165654 1.4116801564610856e-07
0.03554859551313333 1.3350782802733155e-07
0.03574346307637587 1.3219411484660288e-07
0.036594856047101006 1.2614242632946617e-07
0.03764111658106868 1.197039013102106e-07
0.03868737711503636 1.1422048986625504e-07
0.03908561734180313 1.1233240329780265e-07
0.03973363764900404 1.0903393192747704e-07
0.040779898182971716 1.0429244240751824e-07
0.04182615871693939 1.002057821038912e-07
0.04287241925090707 9.66731836766693e-08
0.0432713806345994 9.545484566618327e-08
0.043918679784874744 9.328661605889112e-08
0.04496494031884242 9.016045649876865e-08
0.046011200852810095 8.744474565465906e-08
0.04705746138677778 8.508547344174999e-08
0.048103721920745454 8.303791083301067e-08
0.04914998245471313 8.126496407627873e-08
0.04925006394576092 8.111308307896871e-08
0.050196242988680806 7.94923635843556e-08
0.051242503522648475 7.794991123741477e-08
0.05159108125109579 7.751341454252292e-08
0.05926401006606782 7.273707936489366e-08
0.059612587794389896 7.27177261430979e-08
0.06065884832835758 7.282048980833176e-08
0.06170510886232525 7.308749465954736e-08
0.06275136939629293 7.352488838732287e-08
0.06379762993026061 7.414181887167708e-08
0.06484389046422828 7.495078203980812e-08
0.06589015099819596 7.59680971570306e-08
0.06693641153216363 7.721453829235669e-08
0.06798267206613132 7.871616132392581e-08
0.069028932600099 8.050538008148145e-08
0.06933961014269488 8.111308307896871e-08
0.07007519313406667 8.239560023446866e-08
0.07112145366803435 8.451530726678434e-08
0.07216771420200202 8.700823753062279e-08
0.0732139747359697 8.993963882921045e-08
0.07426023526993737 9.339109525990058e-08
0.07481086523824662 9.545484566618327e-08
0.07530649580390505 9.716317416671406e-08
0.07635275633787272 1.0126476277427586e-07
0.0773990168718404 1.0614698278933251e-07
0.07844527740580809 1.1199157095353824e-07
0.07850149377822659 1.1233240329780265e-07
0.07949153793977576 1.1802798074964807e-07
0.08053779847374344 1.2529632343627543e-07
0.08137111180560642 1.3219411484660288e-07
0.08158405900771111 1.338985024427708e-07
0.08263031954167879 1.4325741493368462e-07
0.08367658007564648 1.5496180529889057e-07
0.08372658336330147 1.5556761439304723e-07
0.08472284060961414 1.6764438739558907e-07
0.08572914372522907 1.8307382802953697e-07
0.08576910114358183 1.8369514455210806e-07
0.0868153616775495 2.0159203792693647e-07
0.0874779122475198 2.154434690031882e-07
0.08786162221151718 2.2383630471495172e-07
0.08890788274548485 2.510914999340498e-07
0.08899326324301407 2.5353644939701113e-07
0.08995414327945253 2.8345859399698563e-07
0.09036308376252578 2.9836472402833343e-07
0.0910004038134202 3.2421761199374074e-07
0.09157890092072346 3.5111917342151277e-07
0.09204666434738788 3.7597378347268495e-07
0.09267247167179016 4.132012400115334e-07
0.09309292488135557 4.426637806891996e-07
0.09366398661966391 4.862601580065353e-07
0.09413918541532323 5.305424162664534e-07
0.09456313197193517 5.72236765935022e-07
0.09518544594929092 6.501647115104311e-07
0.0953681359207357 6.734150657750828e-07
0.09611237274087478 7.924828983539169e-07
0.09623170648325859 8.164280974773161e-07
0.09682798595451769 9.326033468832199e-07
0.09727796701722627 1.0576680273166707e-06
0.09743414694313005 1.0974987654930544e-06
0.09803731140526281 1.2915496650148827e-06
0.09832422755119394 1.4245230982706923e-06
0.09856529416613599 1.519911082952933e-06
0.09907541715291146 1.788649529057435e-06
0.0993704880851616 2.0239705588547597e-06
0.09950123712972342 2.104904144512022e-06
0.09997581207482246 2.477076355991709e-06
0.10031849357916957 2.9150530628251757e-06
0.10041674861912929 3.081167009180712e-06
0.10072055746902583 3.430469286314912e-06
0.10108441116129555 4.037017258596549e-06
0.10134714296354695 4.750810162102793e-06
0.10146300915309697 5.196987708202042e-06
0.10164592386057436 5.590810182512223e-06
0.10198523461113525 6.579332246575683e-06
0.10223024442390376 7.742636826811277e-06
0.10240716133046694 9.111627561154887e-06
0.10250926968706466 1.0306984032517765e-05
0.10259669610787703 1.072267222010323e-05
0.1029112292124863 1.261856883066021e-05
0.10313834756032061 1.4849682622544636e-05
0.10330234538174893 1.7475284000076827e-05
0.1034207650765454 2.0565123083486515e-05
0.10350627367655953 2.4201282647943832e-05
0.10355553022103232 2.7368392274436048e-05
0.10363376622069113 2.8480358684357987e-05
0.10391309120142302 3.3516026509388416e-05
0.1041147864354159 3.944206059437656e-05
0.10426042671187402 4.641588833612773e-05
0.10436559077404292 5.462277217684337e-05
0.10444152773489485 6.428073117284319e-05
0.10449636036406969 7.56463327554629e-05
0.10453595395839442 8.902150854450375e-05
0.10456454373669147 0.0001047615752789664
0.10458518786958756 0.0001232846739442066
0.10460009460368684 0.000145082877849594
0.104601790755 0.00014813539705810767

