0.0010220471243565998 9.999999999999999e-06
0.001022066073206164 7.220809018385457e-06
0.0010220923151920765 5.214008287999674e-06
0.0010221286573480147 3.764935806792456e-06
0.0010221789870953023 2.71858824273294e-06
0.0010222486880697695 1.9630406500402683e-06
0.0010223452159945961 1.417474162926802e-06
0.0010224788961986926 1.0235310218990268e-06
0.001022664028088975 7.390722033525775e-07
0.0010229204147189368 5.336699231206302e-07
0.0010232754810672769 3.8535285937105193e-07
0.0010237672076130943 2.782559402207126e-07
0.001024448193004171 2.009233002565046e-07
0.001025391280390902 1.4508287784959372e-07
0.0010266973492594653 1.0476157527896619e-07
0.001028506106235385 7.56463327554629e-08
0.0010310110291203158 5.462277217684337e-08
0.0010344800626849158 3.944206059437648e-08
0.001039284279990342 2.8480358684357933e-08
0.001045937575061772 2.0565123083486514e-08
0.0010551516327310072 1.4849682622544636e-08
0.001067912055622332 1.072267222010321e-08
0.0010855837913777235 7.742636826811278e-09
0.0011100571373842208 5.590810182512222e-09
0.001143949940731012 4.0370172585965495e-09
0.0011908876221743056 2.9150530628251698e-09
0.0012558909775099423 2.104904144512022e-09
0.001345913238409135 1.519911082952933e-09
0.0014705838406504864 1.0974987654930544e-09
0.0016432384586079984 7.924828983539154e-10
0.0018823454859755665 5.72236765935022e-10
0.0020682584261676766 4.705544256506826e-10
0.0020987185193988276 4.1320124001153345e-10
0.0021949054526942367 2.983647240283334e-10
0.002328113425721233 2.1544346900318779e-10
0.0025125913321273298 1.5556761439304722e-10
0.002768072270532417 1.1233240329780266e-10
0.0031145189601353533 8.158509365631235e-11
0.0031171802372887683 8.111308307896855e-11
0.0032942244457064796 5.857020818056673e-11
0.003539410557078396 4.229242874389499e-11
0.00387896546117243 3.053855508833412e-11
0.00416077949410303 2.481479211535428e-11
0.004178200416153172 2.205130739903041e-11
0.004238408838160196 1.592282793341094e-11
0.0043217906612408544 1.1497569953977356e-11
0.004437265011647234 8.302175681319734e-12
0.004597183865770586 5.994842503189421e-12
0.004818653307374942 4.328761281083061e-12
0.0051253633187330295 3.125715849688235e-12
0.005207040028070707 2.9103236551007658e-12
0.005412249442782315 2.257019719633917e-12
0.005764098044833867 1.6297508346206401e-12
0.00625136837860905 1.1768119524349942e-12
0.0062533005620383835 1.1755164879874984e-12
0.006612176508845368 8.497534359086437e-13
0.0071106060613513765 6.135907273413163e-13
0.00729956109600606 5.551052047339436e-13
0.007601601699221576 4.4306214575838873e-13
0.008177556236871362 3.1992671377973843e-13
0.008345821629973736 2.9590124938796753e-13
0.008771832182109822 2.310129700083158e-13
0.009392082163941414 1.7510590876208848e-13
0.009475976561775406 1.6681005372000557e-13
0.010157538204139739 1.2045035402587785e-13
0.01043834269790909 1.0807538562888228e-13
0.010919192527783388 8.697490026177835e-14
0.011484603231876767 7.073587549986407e-14
0.01177008794214859 6.280291441834247e-14
0.012530863765844445 4.8352293237691604e-14
0.01271388354769116 4.534878508128592e-14
0.01357712429981212 3.5072935162678546e-14
0.013766927501520088 3.2745491628777315e-14
0.014623384833779795 2.5199702661607398e-14
0.014841747832364059 2.3644894126454072e-14
0.015669645367747474 1.9162322942933956e-14
0.01610187880298675 1.7073526474706888e-14
0.016715905901715157 1.4784166918294538e-14
0.017494248728250412 1.2328467394420634e-14
0.01776216643568283 1.1661705270839955e-14
0.018808426969650505 9.287015491933839e-15
0.019005535833018124 8.902150854450355e-15
0.01985468750361818 7.553606302413972e-15
0.02072404192101558 6.428073117284319e-15
0.02090094803758586 6.238900614379852e-15
0.021947208571553536 5.199449491135746e-15
0.022675519322938972 4.641588833612772e-15
0.022993469105521212 4.433907798463289e-15
0.02403972963948889 3.791689718926637e-15
0.024951175554161223 3.3516026509388476e-15
0.025085990173456568 3.2950345145928695e-15
0.026132250707424243 2.8814373102337452e-15
0.02717851124139192 2.541630321812497e-15
0.02759637692580003 2.4201282647943835e-15
0.0282247717753596 2.2578144779671673e-15
0.029271032309327275 2.027012975783148e-15
0.03031729284329495 1.8328181666375644e-15
0.030835520280302203 1.747528400007683e-15
0.031363553377262626 1.6684198132326507e-15
0.0324098139112303 1.52848666291488e-15
0.03345607444519798 1.408808510528919e-15
0.034502334979165654 1.306033593463901e-15
0.035005889413473955 1.2618568830660185e-15
0.03554859551313333 1.2174738532292892e-15
0.03659485604710101 1.140959079956116e-15
0.03764111658106868 1.0747266560050325e-15
0.03868737711503636 1.0173374956369787e-15
0.03973363764900404 9.676114527714093e-16
0.040779898182971716 9.245773343870912e-16
0.041147921850138526 9.111627561154869e-16
0.04182615871693939 8.874339725097996e-16
0.04287241925090707 8.555197450114301e-16
0.04391867978487474 8.28288610095667e-16
0.04496494031884242 8.052912097818938e-16
0.04601120085281009 7.861599577614375e-16
0.04705746138677778 7.705972940557083e-16
0.048103721920745454 7.583664891691772e-16
0.04914998245471312 7.492845324994002e-16
0.050196242988680806 7.43216756998344e-16
0.051242503522648475 7.400729442074424e-16
0.05228876405661616 7.398047280387297e-16
0.053335024590583834 7.424041775485592e-16
0.05438128512455151 7.479034927921964e-16
0.055427545658519185 7.5637579726321e-16
0.056473806192486875 7.679370586129559e-16
0.057520066726454544 7.827492193942298e-16
0.05856632726042222 8.010246747108423e-16
0.059612587794389896 8.230322975476897e-16
0.06065884832835757 8.49105289639003e-16
0.061705108862325254 8.796512316330691e-16
0.06263754255884162 9.111627561154869e-16
0.06275136939629293 9.151648284135628e-16
0.06379762993026061 9.5624400366248e-16
0.06484389046422828 1.0036102056627665e-15
0.06589015099819596 1.0581340627431405e-15
0.06693641153216362 1.1208678980275353e-15
0.06798267206613132 1.193087116628601e-15
0.06885680793728467 1.2618568830660185e-15
0.069028932600099 1.276343167604008e-15
0.06937751032840173 1.3083898627659248e-15
0.07705043914353767 2.5970592471340113e-15
0.0773990168718404 2.69671652018891e-15
0.07844527740580809 3.053602652320904e-15
0.07919462032451069 3.3516026509388476e-15
0.07949153793977576 3.486417744489984e-15
0.08053779847374344 4.015950315026171e-15
0.08154461474509572 4.641588833612772e-15
0.08158405900771111 4.6700920721112566e-15
0.08263031954167879 5.486769879180965e-15
0.08359845409889495 6.428073117284319e-15
0.08367658007564646 6.518314945465414e-15
0.08472284060961413 7.838095561828147e-15
0.08542021827189075 8.902150854450355e-15
0.08576910114358183 9.550792242226428e-15
0.0868153616775495 1.1808673873919553e-14
0.08703142874003249 1.2328467394420634e-14
0.08786162221151718 1.48380208859316e-14
0.0884889838591497 1.7073526474706888e-14
0.08890788274548483 1.8983206444386176e-14
0.0897893684715531 2.3644894126454072e-14
0.08995414327945253 2.4782506649778094e-14
0.09096638027600225 3.2745491628777315e-14
0.0910004038134202 3.310300754160605e-14
0.09204409401627478 4.5348785081285914e-14
0.09204666434738788 4.53901372103628e-14
0.09303862529345665 6.280291441834247e-14
0.09309292488135557 6.415003162072207e-14
0.0939589450386624 8.697490026177836e-14
0.09413918541532323 9.393063057932258e-14
0.0948065896003142 1.2045035402587785e-13
0.09518544594929092 1.434390790284215e-13
0.0955737014307128 1.6681005372000557e-13
0.09623170648325859 2.304434975172039e-13
0.09623791688572333 2.310129700083158e-13
0.09693635807867969 3.1992671377973843e-13
0.09727796701722627 3.941191119423796e-13
0.0975293447089269 4.4306214575838873e-13
0.09809192140089679 6.135907273413163e-13
0.09832422755119394 7.295376466572137e-13
0.09861286122267474 8.497534359086438e-13
0.09909966235685597 1.1768119524349942e-12
0.09937048808516163 1.4974576532788145e-12
0.09951771590217509 1.6297508346206401e-12
0.0999808698326917 2.257019719633917e-12
0.10031530444052918 3.125715849688235e-12
0.10041674861912928 3.5388710124682517e-12
0.10070827804180854 4.328761281083061e-12
0.1010712714633348 5.994842503189421e-12
0.10133338208051194 8.302175681319734e-12
0.10146300915309697 1.0253979028263887e-11
0.1016139390249253 1.1497569953977356e-11
0.10195980550617971 1.592282793341094e-11
0.10220954908687964 2.205130739903041e-11
0.10238988415685982 3.053855508833412e-11
0.10250926968706466 4.098049639471476e-11
0.10254698018741372 4.229242874389499e-11
0.1028743559027318 5.857020818056673e-11
0.10311074765448877 8.111308307896855e-11
0.10328144162378461 1.1233240329780266e-10
0.10340469647907218 1.5556761439304722e-10
0.10349369645613418 2.1544346900318779e-10
0.10355553022103232 2.9408234111254274e-10
0.10357106906709268 2.983647240283334e-10
0.1038676345520364 4.1320124001153345e-10
0.10408177882485875 5.72236765935022e-10
0.10423640831450187 7.924828983539153e-10
0.10434806331583424 1.0974987654930544e-09
0.1044286872598911 1.519911082952933e-09
0.10448690427012547 2.104904144512022e-09
0.10452894166137787 2.9150530628251698e-09
0.10455929605876438 4.0370172585965495e-09
0.10458121438940403 5.590810182512222e-09
0.10459704119735916 7.742636826811278e-09
0.104601790755 8.753715081787344e-09

