0.0010220028153296566 9.999999999999999e-06
0.0010220047102385153 7.220809018385457e-06
0.0010220073344543654 5.214008287999674e-06
0.0010220109686824219 3.764935806792456e-06
0.0010220160016661496 2.71858824273294e-06
0.0010220229717700941 1.9630406500402683e-06
0.001022032624567269 1.417474162926802e-06
0.0010220459925910665 1.0235310218990268e-06
0.0010220645057825411 7.390722033525775e-07
0.001022090144447304 5.336699231206302e-07
0.0010221256510834136 3.8535285937105193e-07
0.0010221748237389163 2.782559402207126e-07
0.0010222429222786892 2.009233002565046e-07
0.0010223372310178426 1.4508287784959372e-07
0.0010224678379050455 1.0476157527896619e-07
0.001022648713602888 7.56463327554629e-08
0.0010228992058915617 5.462277217684337e-08
0.0010232461092481524 3.944206059437648e-08
0.0010237265309787893 2.8480358684357933e-08
0.0010243918604860003 2.0565123083486514e-08
0.001025313266252973 1.4849682622544636e-08
0.001026589308542141 1.072267222010321e-08
0.0010283564821177058 7.742636826811278e-09
0.001030803816718374 5.590810182512222e-09
0.0010341930970530664 4.0370172585965495e-09
0.0010388868651974054 2.9150530628251698e-09
0.0010453872007309762 2.104904144512022e-09
0.0010543894268209004 1.519911082952933e-09
0.0010668564870450394 1.0974987654930544e-09
0.001084121948840793 7.924828983539153e-10
0.0011080326515775518 5.72236765935022e-10
0.0011411462579281383 4.1320124001153345e-10
0.001187004840070766 2.983647240283334e-10
0.0012505137654915369 2.1544346900318779e-10
0.0013384664107686304 1.5556761439304722e-10
0.0014602708305409184 1.1233240329780266e-10
0.0016289561114590984 8.111308307896855e-11
0.0018625660580574293 5.857020818056673e-11
0.0020682584261676766 4.7055442565081116e-11
0.002092973079009021 4.229242874389499e-11
0.0021869486706007283 3.053855508833412e-11
0.0023170941866397623 2.205130739903041e-11
0.0024973309381002423 1.592282793341094e-11
0.002746938358822168 1.1497569953977356e-11
0.0030926162739787423 8.302175681319734e-12
0.003114518960135353 8.158509365631986e-12
0.003279578982554218 5.994842503189421e-12
0.003519128254756065 4.328761281083061e-12
0.0038508767771057257 3.1257158496882347e-12
0.00416077949410303 2.481479211535551e-12
0.004174604045131063 2.257019719633917e-12
0.0042334282729451994 1.6297508346206401e-12
0.004314893144352765 1.1768119524349942e-12
0.0044277127345124555 8.497534359086438e-13
0.004583955047350855 6.135907273413163e-13
0.0048003328970358085 4.430621457583887e-13
0.005099991632136016 3.1992671377973843e-13
0.005207040028070707 2.9103236551007725e-13
0.005391232812975242 2.310129700083158e-13
0.0057349924006414215 1.6681005372000557e-13
0.0062110603686362925 1.2045035402587785e-13
0.006253300562038383 1.1755164879875e-13
0.006582404301910779 8.697490026177836e-14
0.007069374937721348 6.280291441834247e-14
0.007299561096006061 5.551052047339442e-14
0.007567198767867265 4.534878508128592e-14
0.008129912086102777 3.2745491628777315e-14
0.008345821629973738 2.9590124938796775e-14
0.008727169924204806 2.3644894126454072e-14
0.009392082163941414 1.7510590876208855e-14
0.009435265504108125 1.7073526474706888e-14
0.010101158015211293 1.2328467394420634e-14
0.01043834269790909 1.080753856288823e-14
0.010862570737989189 8.902150854450355e-15
0.011484603231876767 7.07358754998641e-15
0.011711564880123383 6.428073117284319e-15
0.012530863765844445 4.835229323769161e-15
0.012646146529942337 4.641588833612772e-15
0.01357712429981212 3.5072935162678545e-15
0.01370117136764228 3.3516026509388476e-15
0.014623384833779797 2.5199702661607396e-15
0.014760382888755589 2.4201282647943835e-15
0.015669645367747474 1.9162322942933956e-15
0.016010717574941234 1.747528400007683e-15
0.016715905901715154 1.478416691829454e-15
0.017386519800735377 1.2618568830660185e-15
0.01776216643568283 1.1661705270839955e-15
0.018808426969650505 9.287015491933836e-16
0.01889618701503509 9.111627561154869e-16
0.01985468750361818 7.553606302413973e-16
0.020589909833277204 6.579332246575682e-16
0.02090094803758586 6.238900614379854e-16
0.021947208571553536 5.199449491135747e-16
0.022519460571372815 4.750810162102793e-16
0.022993469105521212 4.4339077984632886e-16
0.02403972963948889 3.7916897189266367e-16
0.024770639118211927 3.430469286314912e-16
0.02508599017345657 3.2950345145928697e-16
0.026132250707424243 2.8814373102337456e-16
0.027178511241391916 2.5416303218124973e-16
0.027395418954308637 2.477076355991714e-16
0.0282247717753596 2.257814477967167e-16
0.029271032309327275 2.0270129757831484e-16
0.03031729284329495 1.832818166637564e-16
0.030579495126792443 1.7886495290574351e-16
0.031363553377262626 1.668419813232651e-16
0.0324098139112303 1.5284866629148797e-16
0.03263499195961954 1.502729318626165e-16
0.03846219906664712 1.0296888925508706e-16
0.03868737711503636 1.0173374956369788e-16
0.03973363764900404 9.676114527714091e-17
0.04057744211620238 9.32603346883218e-17
0.04077989818297172 9.24577334387091e-17
0.04182615871693939 8.874339725097996e-17
0.04287241925090707 8.5551974501143e-17
0.043918679784874744 8.28288610095667e-17
0.04496494031884242 8.052912097818938e-17
0.046011200852810095 7.861599577614375e-17
0.04705746138677778 7.705972940557084e-17
0.048103721920745454 7.58366489169177e-17
0.04914998245471313 7.492845324994002e-17
0.050196242988680806 7.432167569983441e-17
0.05124250352264848 7.400729442074426e-17
0.05228876405661616 7.398047280387298e-17
0.053335024590583834 7.424041775485591e-17
0.05438128512455151 7.479034927921963e-17
0.055427545658519185 7.5637579726321e-17
0.05647380619248687 7.679370586129558e-17
0.057520066726454544 7.827492193942297e-17
0.05856632726042222 8.010246747108423e-17
0.059612587794389896 8.230322975476897e-17
0.06065884832835757 8.491052896390027e-17
0.06170510886232525 8.796512316330691e-17
0.06275136939629293 9.151648284135627e-17
0.06320677615189436 9.32603346883218e-17
0.06379762993026061 9.562440036624799e-17
0.06484389046422828 1.0036102056627665e-16
0.06589015099819596 1.0581340627431404e-16
0.06693641153216362 1.1208678980275351e-16
0.06798267206613132 1.193087116628601e-16
0.06902893260009899 1.276343167604008e-16
0.06920470750113704 1.2915496650148827e-16
0.07007519313406667 1.3725317352307026e-16
0.07112145366803435 1.4839811424942572e-16
0.07216771420200202 1.6135678211551433e-16
0.0732139747359697 1.7648683669107938e-16
0.0733662032817508 1.788649529057435e-16
0.07426023526993737 1.9423615324405933e-16
0.07530649580390505 2.1516990935406967e-16
0.07635275633787274 2.4000727514001263e-16
0.07664842927159461 2.477076355991714e-16
0.0773990168718404 2.696716520188911e-16
0.07844527740580809 3.053602652320905e-16
0.07937114956293201 3.430469286314912e-16
0.07949153793977576 3.4864177444899846e-16
0.08053779847374344 4.0159503150261734e-16
0.08158405900771111 4.670092072111257e-16
0.08170348779859433 4.750810162102793e-16
0.08263031954167879 5.486769879180967e-16
0.08367658007564646 6.518314945465415e-16
0.08373420625520413 6.579332246575682e-16
0.08472284060961414 7.838095561828153e-16
0.08553831943319505 9.111627561154869e-16
0.08576910114358183 9.550792242226433e-16
0.0868153616775495 1.1808673873919563e-15
0.08714427797328315 1.2618568830660185e-15
0.08786162221151718 1.4838020885931614e-15
0.0885847160419809 1.7475284000076832e-15
0.08890788274548483 1.8983206444386197e-15
0.08987189269740735 2.4201282647943835e-15
0.08995414327945253 2.478250664977813e-15
0.0910004038134202 3.310300754160611e-15
0.09104803247410886 3.3516026509388472e-15
0.09204666434738788 4.5390137210362916e-15
0.09212572887206132 4.641588833612772e-15
0.09309292488135557 6.4150031620722324e-15
0.09309963464071092 6.42807311728432e-15
0.09401490228910996 8.902150854450355e-15
0.09413918541532323 9.393063057932316e-15
0.0948609355209885 1.2328467394420634e-14
0.09518544594929092 1.4343907902842287e-14
0.0956284847114516 1.7073526474706888e-14
0.09623170648325857 2.3044349751720742e-14
0.0962956933859936 2.3644894126454072e-14
0.09697807738609993 3.2745491628777315e-14
0.09727796701722627 3.9411911194239033e-14
0.0975758822166275 4.5348785081285914e-14
0.09812552524642655 6.280291441834247e-14
0.09832422755119394 7.295376466572513e-14
0.0986531304194864 8.697490026177835e-14
0.09912873997480603 1.2045035402587785e-13
0.09937048808516162 1.4974576532789744e-13
0.09955602895338314 1.6681005372000557e-13
0.10000853495526013 2.310129700083158e-13
0.10033528089718281 3.1992671377973843e-13
0.10041674861912929 3.538871012469167e-13
0.10073830560852162 4.430621457583887e-13
0.10109295379578687 6.135907273413163e-13
0.10134903847868279 8.497534359086438e-13
0.10146300915309697 1.0253979028271687e-12
0.10164254981570979 1.176811952434994e-12
0.1019804648117914 1.6297508346206401e-12
0.1022244667769068 2.257019719633917e-12
0.10240065593592769 3.125715849688235e-12
0.10250926968706466 4.098049639483972e-12
0.10257406138378751 4.328761281083061e-12
0.10289391071743126 5.994842503189421e-12
0.10312486781272118 8.302175681319734e-12
0.10329163752037415 1.1497569953977356e-11
0.10341205874127556 1.592282793341094e-11
0.10349901260506454 2.205130739903041e-11
0.10355553022103232 2.9408234111906364e-11
0.1035956015774559 3.053855508833412e-11
0.10388534900923717 4.229242874389499e-11
0.10409457009608322 5.857020818056673e-11
0.10424564464715663 8.111308307896855e-11
0.10435473269524058 1.1233240329780266e-10
0.10443350309138086 1.5556761439304722e-10
0.104490381690064 2.1544346900318779e-10
0.10453145263989644 2.983647240283334e-10
0.10456110918839082 4.1320124001153345e-10
0.10458252361567306 5.722367659350218e-10
0.1045979865646374 7.924828983539153e-10
0.10460179075499998 8.753715087801358e-10

