0.0010219978922 0.0007113130661555959
0.0010265105289631803 0.0006280291441834246
0.0010342641127842895 0.0005336699231206301
0.0010450019453476036 0.0004534878508128582
0.0010598726233228468 0.0003853528593710527
0.0010804668225841483 0.00032745491628777246
0.0011089874484708937 0.0002782559402207126
0.0011484852745650717 0.00023644894126454073
0.0012031852756225836 0.0002009233002565046
0.001278938561602363 0.00017073526474706887
0.00138384825494406 0.000145082877849594
0.0015291362594800886 0.0001232846739442066
0.0017303436368890463 0.0001047615752789664
0.0020089929916866154 8.902150854450375e-05
0.0020682584261676766 8.63355344936501e-05
0.0020986399336121184 7.56463327554629e-05
0.002148349110069756 6.428073117284319e-05
0.0022171906710791527 5.462277217684337e-05
0.0023125284107065455 4.641588833612773e-05
0.0024445603469960176 3.944206059437656e-05
0.0026274095761520534 3.351602650938841e-05
0.0028806349816301235 2.8480358684357987e-05
0.0031145189601353533 2.533540319729e-05
0.003137641895812438 2.4201282647943832e-05
0.003233785234233273 2.0565123083486515e-05
0.0033669328333125964 1.7475284000076827e-05
0.003551327128661368 1.4849682622544636e-05
0.003806692275252654 1.261856883066021e-05
0.004160343986495928 1.072267222010323e-05
0.004160779494103031 1.0720688963308991e-05
0.004308550113134425 9.111627561154886e-06
0.004513377764949587 7.742636826811277e-06
0.0047970407884330175 6.579332246575682e-06
0.005189881843723602 5.590810182512223e-06
0.005207040028070708 5.554561375480324e-06
0.005406110379011041 4.750810162102793e-06
0.0056907781754973776 4.037017258596549e-06
0.006085010727226028 3.4304692863149122e-06
0.006253300562038384 3.233783071859106e-06
0.00641290610534202 2.9150530628251757e-06
0.00673243318921001 2.477076355991709e-06
0.007174941892950011 2.104904144512022e-06
0.00729956109600606 2.022305389123385e-06
0.007550822527647523 1.7886495290574349e-06
0.007987613491080132 1.519911082952933e-06
0.008345821629973738 1.3673952685706482e-06
0.008478740950029064 1.2915496650148827e-06
0.008930102868132143 1.0974987654930544e-06
0.009392082163941414 9.661013695043884e-07
0.009492070075141598 9.326033468832199e-07
0.010022748737932827 7.924828983539169e-07
0.01043834269790909 7.159038341748031e-07
0.010629557108289089 6.734150657750828e-07
0.01123900007762959 5.72236765935022e-07
0.011484603231876767 5.410782859218235e-07
0.011871876518491278 4.862601580065353e-07
0.012530863765844445 4.202509699651728e-07
0.012596344037471719 4.1320124001153343e-07
0.01330014239487278 3.511191734215127e-07
0.013577124299812122 3.3240444513188866e-07
0.014116800258627753 2.983647240283335e-07
0.014623384833779798 2.7298306084026074e-07
0.014989410551433019 2.5353644939701113e-07
0.015669645367747474 2.2474642166025386e-07
0.015900729493752225 2.154434690031882e-07
0.016715905901715154 1.883528643257916e-07
0.016876371376858067 1.8307382802953697e-07
0.01776216643568283 1.5873947251497247e-07
0.01789171208506549 1.5556761439304723e-07
0.018808426969650505 1.3612352599415408e-07
0.01900685608052383 1.3219411484660288e-07
0.01985468750361818 1.1746234706482429e-07
0.02020458778068076 1.1233240329780265e-07
0.02090094803758586 1.0307082098107371e-07
0.02151521333380397 9.545484566618327e-08
0.021947208571553536 9.059066379193557e-08
0.022927853000940357 8.111308307896871e-08
0.022993469105521212 8.052609027777359e-08
0.02403972963948889 7.204178458858143e-08
0.024471871374391926 6.892612104349695e-08
0.025085990173456568 6.471806459395076e-08
0.026132250707424243 5.883738686109264e-08
0.026181898531408617 5.8570208180566614e-08
0.027178511241391916 5.335086925521563e-08
0.02802576999063595 4.977023564332114e-08
0.028224771775359595 4.894090955214835e-08
0.029271032309327275 4.492488008442233e-08
0.030103461070790302 4.229242874389499e-08
0.030317292843294947 4.161244919908324e-08
0.031363553377262626 3.854562822728486e-08
0.0324098139112303 3.6035397857014134e-08
0.03245308899291743 3.593813663804625e-08
0.03345607444519798 3.36160777634643e-08
0.034502334979165654 3.1592137056142307e-08
0.035124057105985367 3.053855508833412e-08
0.03554859551313333 2.9786914080171698e-08
0.036594856047101006 2.811162946455151e-08
0.03764111658106868 2.669449496658241e-08
0.03826242353585778 2.5950242113997372e-08
0.038687377115036364 2.540818028849329e-08
0.03973363764900404 2.4197089354537214e-08
0.040779898182971716 2.3158381281561044e-08
0.04182615871693939 2.226429450565378e-08
0.042098891436160045 2.2051307399030457e-08
0.04287241925090707 2.1393481187203916e-08
0.043918679784874744 2.0607113417943275e-08
0.04496494031884242 1.9925161735630423e-08
0.046011200852810095 1.933307834425386e-08
0.04705746138677778 1.88188566160287e-08
0.04723857313618746 1.8738174228603828e-08
0.048103721920745454 1.83079159229033e-08
0.04914998245471314 1.7852953526509115e-08
0.050196242988680806 1.7460198007781635e-08
0.05124250352264848 1.7122993285621196e-08
0.05228876405661616 1.683584660931599e-08
0.053335024590583834 1.6594256069713755e-08
0.05438128512455151 1.6394574611367433e-08
0.055427545658519185 1.623390400589221e-08
0.05647380619248687 1.6110013881192966e-08
0.057520066726454544 1.6021282208130384e-08
0.05856632726042222 1.5966654722421128e-08
0.059612587794389896 1.5945621681866616e-08
0.06065884832835757 1.5958211191398583e-08
0.06076062669683361 1.5962762638879553e-08
0.06474211209575115 1.634978902091265e-08
0.06484389046422828 1.6365241183685916e-08
0.06589015099819596 1.6566919950570684e-08
0.06693641153216363 1.681559267928532e-08
0.06798267206613132 1.711649806569768e-08
0.069028932600099 1.7476170549385694e-08
0.07007519313406667 1.7902723043592388e-08
0.07112145366803435 1.8406215309457322e-08
0.07172231459324009 1.8738174228603828e-08
0.07216771420200202 1.8959927167983778e-08
0.0732139747359697 1.955296947413344e-08
0.07426023526993737 2.0251747575304173e-08
0.07530649580390505 2.1077059081038454e-08
0.07634888051746647 2.2051307399030457e-08
0.07635275633787272 2.2054660670144435e-08
0.0773990168718404 2.3044392054328608e-08
0.07844527740580809 2.4229475455776876e-08
0.07949153793977577 2.5657859190695742e-08
0.07968600817628504 2.5950242113997372e-08
0.08053779847374344 2.717591265477075e-08
0.08158405900771111 2.8981760090576132e-08
0.08234310973778171 3.053855508833412e-08
0.08263031954167879 3.1113891657388654e-08
0.08367658007564646 3.348780163082796e-08
0.08455400777865453 3.593813663804625e-08
0.08472284060961414 3.640970336240254e-08
0.08576910114358183 3.9687121317695574e-08
0.0864538161973481 4.229242874389499e-08
0.0868153616775495 4.370785167296226e-08
0.08786162221151718 4.851929975060919e-08
0.0881021621534333 4.977023564332114e-08
0.08890788274548485 5.4233412132895306e-08
0.08956410007190448 5.857020818056662e-08
0.08995414327945253 6.137258931594004e-08
0.09085191038249514 6.892612104349695e-08
0.0910004038134202 7.031617127018383e-08
0.09200612867181399 8.111308307896871e-08
0.09204666434738788 8.161020336437218e-08
0.09305466432389775 9.545484566618327e-08
0.09309292488135557 9.60737314002394e-08
0.09401522467645661 1.1233240329780265e-07
0.09413918541532323 1.1499926793317438e-07
0.09489627294916675 1.3219411484660288e-07
0.09518544594929092 1.4055500815275644e-07
0.09569621031128539 1.555676143930472e-07
0.09623170648325859 1.7665187676229218e-07
0.09639964898539369 1.8307382802953697e-07
0.09707229834940177 2.1544346900318822e-07
0.09727796701722627 2.2864424511376739e-07
0.09770053483238755 2.5353644939701113e-07
0.09822975816626914 2.9836472402833343e-07
0.09832422755119394 3.084764118512325e-07
0.0987907744977183 3.511191734215127e-07
0.09923828933379002 4.1320124001153343e-07
0.0993704880851616 4.375519357336635e-07
0.0997111340263624 4.862601580065353e-07
0.10012740703934295 5.72236765935022e-07
0.10041674861912929 6.682491906772344e-07
0.10043963776115067 6.734150657750828e-07
0.10088158081949944 7.924828983539169e-07
0.1012006994616332 9.326033468832199e-07
0.10143112893853864 1.0974987654930544e-06
0.10146300915309697 1.1258559644351852e-06
0.10179614813661167 1.2915496650148827e-06
0.10209371560196083 1.519911082952933e-06
0.10230858338569797 1.788649529057435e-06
0.10246373530875492 2.104904144512022e-06
0.10250926968706467 2.2280392045366496e-06
0.10273599782058322 2.477076355991709e-06
0.10301181836359902 2.9150530628251757e-06
0.10321098311004542 3.4304692863149127e-06
0.10335479616977392 4.037017258596549e-06
0.10345864083363883 4.750810162102793e-06
0.10353362508217352 5.590810182512223e-06
0.10355553022103232 5.916169351442013e-06
0.10375750593675868 6.579332246575682e-06
0.1040024415179009 7.742636826811277e-06
0.10417930482322443 9.111627561154887e-06
0.1043070144382346 1.072267222010323e-05
0.1043992311122146 1.261856883066021e-05
0.10446581901132661 1.4849682622544634e-05
0.10451390086156895 1.7475284000076827e-05
0.10454861984735402 2.0565123083486515e-05
0.1045736897639206 2.4201282647943832e-05
0.10459179227188403 2.848035868435799e-05
0.104601790755 3.201257659560023e-05

