0.001021998306800335 9.999999999999999e-06
0.0010219984666792843 7.220809018385457e-06
0.0010219986880087178 5.214008287999674e-06
0.0010219989944636406 3.764935806792456e-06
0.001021999418824701 2.71858824273294e-06
0.001022000006484644 1.9630406500402683e-06
0.0010220008203038517 1.417474162926802e-06
0.0010220019473343453 1.0235310218990268e-06
0.0010220035081315035 7.390722033525775e-07
0.0010220056696495432 5.336699231206302e-07
0.001022008663100154 3.8535285937105193e-07
0.0010220128086845858 2.782559402207126e-07
0.0010220185498447014 2.009233002565046e-07
0.0010220265006967433 1.4508287784959372e-07
0.0010220375117216747 1.0476157527896619e-07
0.0010220527607388073 7.56463327554629e-08
0.001022073878893924 5.462277217684337e-08
0.0010221031251384928 3.944206059437648e-08
0.001022143627863548 2.8480358684357933e-08
0.0010221997195351466 2.0565123083486514e-08
0.0010222774001264509 1.4849682622544636e-08
0.0010223849789184958 1.072267222010321e-08
0.001022533963321324 7.742636826811278e-09
0.0010227402897902602 5.590810182512222e-09
0.001023026028505082 4.0370172585965495e-09
0.0010234217441569711 2.9150530628251698e-09
0.0010239697653701852 2.104904144512022e-09
0.0010247287124795755 1.519911082952933e-09
0.0010257797679879613 1.0974987654930544e-09
0.00102723536043709 7.924828983539153e-10
0.001029251190582183 5.72236765935022e-10
0.0010320428862771605 4.1320124001153345e-10
0.0010359090675982092 2.983647240283334e-10
0.0010412632894190633 2.1544346900318779e-10
0.0010486782782481812 1.5556761439304722e-10
0.0010589471952216628 1.1233240329780266e-10
0.0010731684783872111 8.111308307896855e-11
0.0010928633396269114 5.857020818056673e-11
0.0011201384845442649 4.229242874389499e-11
0.0011579114610181004 3.053855508833412e-11
0.001210222741343696 2.205130739903041e-11
0.001282667920536777 1.592282793341094e-11
0.0013829962618744625 1.1497569953977356e-11
0.001521939614457576 8.302175681319734e-12
0.0017143603698457008 5.994842503189421e-12
0.0019808412515560318 4.328761281083061e-12
0.0020682584261676766 3.967084558626996e-12
0.0021263632099369992 3.125715849688235e-12
0.002231809067677154 2.257019719633917e-12
0.0023778395989814322 1.6297508346206401e-12
0.0025800752915921335 1.1768119524349942e-12
0.002860148746098091 8.497534359086438e-13
0.0031145189601353533 6.784926771279058e-13
0.0031621629112696358 6.135907273413163e-13
0.0033538653882633604 4.430621457583887e-13
0.003619351536014421 3.1992671377973843e-13
0.003987019683828726 2.310129700083158e-13
0.00416077949410303 2.041933122154531e-13
0.0041932675819009845 1.6681005372000557e-13
0.0042615676353415476 1.2045035402587785e-13
0.004356155448516855 8.697490026177835e-14
0.0044871488218832896 6.280291441834247e-14
0.004668559759401371 4.5348785081285914e-14
0.004919793294391951 3.2745491628777315e-14
0.005207040028070707 2.4849405391540182e-14
0.005242419825853661 2.3644894126454072e-14
0.005523346523959023 1.7073526474706888e-14
0.005912398079525821 1.2328467394420634e-14
0.006253300562038383 9.914138726893406e-15
0.006361919153315524 8.902150854450355e-15
0.006771478067382625 6.428073117284319e-15
0.00729956109600606 4.732274870717047e-15
0.007322629241363163 4.641588833612772e-15
0.007785942523795812 3.3516026509388476e-15
0.008345821629973738 2.508977136507091e-15
0.008401928631662515 2.4201282647943835e-15
0.009011738405603587 1.7475284000076828e-15
0.009392082163941414 1.4893615669785453e-15
0.009686633404473965 1.2618568830660185e-15
0.01042880305299749 9.111627561154869e-16
0.01043834269790909 9.079193994674456e-16
0.011330543539204041 6.579332246575682e-16
0.011484603231876767 6.280722026924339e-16
0.01218335597832509 4.750810162102793e-16
0.012530863765844445 4.237470794309528e-16
0.013129642429486114 3.430469286314912e-16
0.01357712429981212 3.003062746776384e-16
0.01419674878081053 2.477076355991714e-16
0.014623384833779795 2.2104956300473238e-16
0.015376887739979141 1.7886495290574351e-16
0.015669645367747474 1.6651828952849774e-16
0.01669156143063543 1.2915496650148827e-16
0.016715905901715154 1.2846827045275314e-16
0.01776216643568283 1.0215298606281428e-16
0.018164169577946976 9.32603346883218e-17
0.018808426969650505 8.184237774201193e-17
0.019827509764450014 6.7341506577508e-17
0.01985468750361818 6.702480133827741e-17
0.02090094803758586 5.56779931674379e-17
0.02168660547415784 4.862601580065334e-17
0.021947208571553536 4.6665503203205906e-17
0.022993469105521212 3.9934816917252917e-17
0.023888017210366843 3.5111917342151415e-17
0.02403972963948889 3.440718671276121e-17
0.025085990173456568 2.985104752105499e-17
0.026132250707424243 2.621656490540796e-17
0.026415894721432995 2.5353644939701166e-17
0.02717851124139192 2.3292347874641644e-17
0.028224771775359595 2.077698532770516e-17
0.029271032309327275 1.8710025263495497e-17
0.029495145074760816 1.8307382802953697e-17
0.03031729284329495 1.6967844430515798e-17
0.031363553377262626 1.5490603243090283e-17
0.0324098139112303 1.423137948107247e-17
0.03338676585750367 1.3219411484660287e-17
0.03345607444519797 1.3153058512998972e-17
0.034502334979165654 1.2226048497170303e-17
0.03554859551313333 1.14265836820909e-17
0.036594856047101006 1.073545188114969e-17
0.03764111658106868 1.0137031276100096e-17
0.03868737711503636 9.618555158800042e-18
0.03885093724130588 9.545484566618326e-18
0.03973363764900405 9.169546308097564e-18
0.040779898182971716 8.781378818016967e-18
0.0418261587169394 8.446936572489667e-18
0.04287241925090707 8.160345679839871e-18
0.043918679784874744 7.916764030920984e-18
0.04496494031884242 7.712215403767273e-18
0.046011200852810095 7.54345866921962e-18
0.04705746138677778 7.407884978859167e-18
0.048103721920745454 7.303437565402835e-18
0.04820550028922115 7.296152647340629e-18
0.05218698568814046 7.171221113180815e-18
0.05228876405661616 7.172066167923397e-18
0.053335024590583834 7.208223262823938e-18
0.05438128512455151 7.272293357627309e-18
0.055427545658519185 7.365111429527121e-18
0.05647380619248687 7.487926093844334e-18
0.057520066726454544 7.642432845217557e-18
0.05856632726042222 7.830820423806088e-18
0.059612587794389896 8.055832368401594e-18
0.060658848328357565 8.320846577486842e-18
0.06170510886232525 8.6299766486372e-18
0.06275136939629293 8.988199979529369e-18
0.06379762993026061 9.40151918897047e-18
0.06412530856996196 9.545484566618326e-18
0.06484389046422828 9.877165489057687e-18
0.06589015099819596 1.042385539749676e-17
0.06693641153216363 1.1052115885536014e-17
0.06798267206613132 1.1774698085150603e-17
0.069028932600099 1.2607106563450565e-17
0.06971303044417888 1.3219411484660287e-17
0.07007519313406667 1.3568280685792006e-17
0.07112145366803435 1.468147786152278e-17
0.07216771420200202 1.5975427166914533e-17
0.0732139747359697 1.7485848462991883e-17
0.07372432398782996 1.8307382802953697e-17
0.07426023526993737 1.9257470444002768e-17
0.07530649580390505 2.1346736842878003e-17
0.07635275633787272 2.3825472252020415e-17
0.07692334536202025 2.5353644939701166e-17
0.0773990168718404 2.678590181380587e-17
0.07844527740580809 3.034760497446117e-17
0.07949153793977576 3.4667269268841006e-17
0.07959169410811956 3.5111917342151415e-17
0.08053779847374344 3.995255638288962e-17
0.08158405900771111 4.6482101740823286e-17
0.08189319230011406 4.862601580065333e-17
0.08263031954167879 5.463481629507855e-17
0.08367658007564646 6.493355374315414e-17
0.08389833582430628 6.7341506577508e-17
0.08472284060961414 7.811140327020952e-17
0.08566898075368518 9.32603346883218e-17
0.08576910114358183 9.521439164765237e-17
0.0868153616775495 1.1776417322294598e-16
0.0872667698929237 1.2915496650148827e-16
0.08786162221151718 1.480221558511856e-16
0.08868696285553399 1.7886495290574351e-16
0.08890788274548485 1.8943015300585844e-16
0.08995414327945253 2.473682381757783e-16
0.08995984229831742 2.477076355991714e-16
0.0910004038134202 3.305034207480972e-16
0.09114163974618814 3.430469286314912e-16
0.09204666434738787 4.532843196889967e-16
0.09221072604582406 4.750810162102793e-16
0.09309292488135557 6.407637196615452e-16
0.0931790064917008 6.579332246575682e-16
0.09407183677838946 9.111627561154869e-16
0.09413918541532323 9.3840757560328e-16
0.09491593700654413 1.2618568830660185e-15
0.09518544594929092 1.4332653860029522e-15
0.0956836669693856 1.747528400007683e-15
0.09623170648325857 2.302980722909814e-15
0.0963536322138631 2.4201282647943835e-15
0.09701978044805135 3.3516026509388476e-15
0.09727796701722627 3.9392373746061685e-15
0.09762226006314885 4.641588833612772e-15
0.09815892633958777 6.428073117284319e-15
0.09832422755119394 7.292618417997551e-15
0.09869307070196366 8.902150854450355e-15
0.09915752594702781 1.2328467394420634e-14
0.09937048808516162 1.4970420164876402e-14
0.09959388898504765 1.7073526474706888e-14
0.10003584197176223 2.3644894126454072e-14
0.10035496778297935 3.2745491628777315e-14
0.10041674861912929 3.538185311463959e-14
0.1007678719067732 4.5348785081285914e-14
0.10111428724058594 6.280291441834247e-14
0.10136442713723612 8.697490026177835e-14
0.10146300915309697 1.0252685136104716e-13
0.10167064914944032 1.2045035402587785e-13
0.10200074809713384 1.6681005372000557e-13
0.10223910624298033 2.310129700083158e-13
0.10241122010789373 3.1992671377973843e-13
0.10250926968706466 4.097744889688746e-13
0.10260060305887665 4.430621457583887e-13
0.1029130739566608 6.135907273413163e-13
0.10313870322433111 8.497534359086439e-13
0.10330162580941164 1.1768119524349942e-12
0.10341926909657646 1.6297508346206401e-12
0.1035042170674677 2.257019719633917e-12
0.10355553022103232 2.9407120967990492e-12
0.10361960859132353 3.125715849688235e-12
0.10390268378902764 4.328761281083061e-12
0.10410708698307394 5.994842503189421e-12
0.10425468262576958 8.302175681319734e-12
0.10436125862055468 1.1497569953977356e-11
0.10443821511098345 1.592282793341094e-11
0.10449378392299458 2.205130739903041e-11
0.10453390910088568 3.053855508833412e-11
0.10456288272552372 4.229242874389499e-11
0.10458380402653189 5.857020818056673e-11
0.10459891089843151 8.111308307896855e-11
0.104601790755 8.753573247409555e-11

