0.0011491731442359737 0.01
0.0012041464921984852 0.008497534359086437
0.0012802783325816603 0.007220809018385456
0.0013857122807574536 0.006135907273413163
0.0015317263186683553 0.005214008287999684
0.0017339391698033538 0.004430621457583878
0.002013980991460912 0.0037649358067924636
0.0020682584261676766 0.0036609023218987066
0.002099012338278456 0.003199267137797384
0.002148533672343894 0.0027185882427329397
0.002217115092984362 0.002310129700083158
0.002312092567760177 0.0019630406500402682
0.0024436255781666067 0.0016681005372000592
0.0026257838516668816 0.0014174741629268048
0.0028780523620740507 0.001204503540258781
0.0031145189601353533 0.001069925890552065
0.0031371680347117214 0.0010235310218990247
0.0032342326265026415 0.0008697490026177834
0.003368656056818797 0.0007390722033525775
0.0035548172334596553 0.0006280291441834246
0.0038126293098722274 0.0005336699231206301
0.00416077949410303 0.0004549395458036877
0.004163337709560089 0.0004534878508128582
0.004305621308574242 0.0003853528593710527
0.004502667925721811 0.00032745491628777246
0.004775555100338743 0.0002782559402207126
0.005153472829393917 0.00023644894126454073
0.005207040028070707 0.00023160427610273142
0.005386618550734728 0.0002009233002565046
0.0056636706621184 0.00017073526474706887
0.00604735635533954 0.000145082877849594
0.0062533005620383835 0.00013490144284884227
0.00639839403642132 0.0001232846739442066
0.006726498161794745 0.0001047615752789664
0.007180885093422509 8.902150854450375e-05
0.00729956109600606 8.576460966053729e-05
0.007555793088566883 7.56463327554629e-05
0.00799312194362406 6.428073117284319e-05
0.008345821629973738 5.791787733281247e-05
0.008481585960162212 5.462277217684337e-05
0.008931765290660917 4.641588833612773e-05
0.009392082163941414 4.0863018506890815e-05
0.009495484646673746 3.944206059437656e-05
0.010042765232568661 3.351602650938841e-05
0.01043834269790909 3.0485078901491572e-05
0.010655010710690065 2.848035868435799e-05
0.011282652858162162 2.4201282647943832e-05
0.011484603231876767 2.3127345627282908e-05
0.011926730738280308 2.0565123083486515e-05
0.012530863765844445 1.8055612190542433e-05
0.012664263792956036 1.7475284000076827e-05
0.01342586888073445 1.4849682622544637e-05
0.01357712429981212 1.4429759184663684e-05
0.01419923399465509 1.261856883066021e-05
0.014623384833779797 1.1665946173417753e-05
0.015073240766919224 1.072267222010323e-05
0.015669645367747474 9.704472313805676e-06
0.016020137715059966 9.111627561154887e-06
0.016715905901715154 8.138224916385428e-06
0.01700947954592677 7.742636826811277e-06
0.01776216643568283 6.887869642022806e-06
0.018064536733977954 6.579332246575682e-06
0.018808426969650505 5.919223339779744e-06
0.019209756569035327 5.590810182512223e-06
0.01985468750361818 5.1250158029286424e-06
0.020439086515317464 4.750810162102793e-06
0.02090094803758586 4.4845203443573675e-06
0.02183024856901892 4.037017258596549e-06
0.021947208571553536 3.984896560716069e-06
0.022993469105521212 3.534420417458304e-06
0.023276987601965747 3.4304692863149122e-06
0.02403972963948889 3.165793041188324e-06
0.0248856878345699 2.9150530628251757e-06
0.025085990173456568 2.858323763938964e-06
0.026132250707424243 2.5871436747731285e-06
0.026636845244568184 2.477076355991709e-06
0.027178511241391923 2.3612594906892586e-06
0.028224771775359595 2.1672594139649717e-06
0.028605377877004484 2.104904144512022e-06
0.029271032309327275 1.9958910543700363e-06
0.03031729284329495 1.848778984094111e-06
0.030804732149949964 1.7886495290574349e-06
0.031363553377262626 1.7185385820616607e-06
0.0324098139112303 1.6029695729793584e-06
0.033303228376003344 1.519911082952933e-06
0.03345607444519798 1.505233601268043e-06
0.034502334979165654 1.4116517807071543e-06
0.03554859551313333 1.333247384093303e-06
0.036181666348108696 1.2915496650148827e-06
0.036594856047101006 1.2628554081233261e-06
0.03764111658106868 1.1969551071985153e-06
0.03868737711503636 1.1408306900112688e-06
0.039622852171337465 1.0974987654930544e-06
0.03973363764900404 1.0919893449042e-06
0.040779898182971716 1.0434587287673304e-06
0.04182615871693939 1.0016304928000746e-06
0.04287241925090707 9.654732520183413e-07
0.043918679784874744 9.341450291455426e-07
0.04397445220783157 9.326033468832199e-07
0.04496494031884242 9.024204041044629e-07
0.046011200852810095 8.746242611499252e-07
0.04705746138677778 8.504763781597572e-07
0.048103721920745454 8.295189396665053e-07
0.04914998245471313 8.113722796096012e-07
0.050196242988680806 7.957215388461342e-07
0.05044176120926419 7.924828983539169e-07
0.05124250352264848 7.805066909258492e-07
0.05228876405661616 7.670968947161979e-07
0.05333502459058383 7.558580348853195e-07
0.0543812851245515 7.46623273048214e-07
0.055427545658519185 7.392608894765218e-07
0.05647380619248687 7.336706519660554e-07
0.057520066726454544 7.297811825271332e-07
0.05856632726042222 7.275482117253502e-07
0.059612587794389896 7.26953653362339e-07
0.06065884832835757 7.280054713552481e-07
0.06170510886232525 7.307383488374151e-07
0.06275136939629293 7.352152093290378e-07
0.06379762993026061 7.415296842199553e-07
0.06484389046422828 7.498096732015135e-07
0.06589015099819596 7.602222090167542e-07
0.06693641153216363 7.72979920706527e-07
0.06798267206613132 7.883494982666176e-07
0.06822663515199777 7.924828983539169e-07
0.069028932600099 8.045322397262398e-07
0.07007519313406667 8.229446914334825e-07
0.07112145366803435 8.446405504826085e-07
0.07216771420200202 8.701564650873044e-07
0.0732139747359697 9.001602667547002e-07
0.07418032683263409 9.326033468832199e-07
0.07426023526993737 9.350537359542656e-07
0.07530649580390505 9.704884566883046e-07
0.07635275633787272 1.0124694884773762e-06
0.0773990168718404 1.062440524888844e-06
0.07803776957522772 1.0974987654930544e-06
0.07844527740580809 1.1185411523480109e-06
0.07949153793977576 1.1798015403587735e-06
0.08053779847374344 1.2541952825343338e-06
0.08099969090338838 1.2915496650148827e-06
0.08158405900771111 1.3372460579299467e-06
0.08263031954167879 1.4330374305868326e-06
0.08322570461767459 1.4985833343492847e-06
0.09458997852035508 5.782202046329127e-06
0.0951854459492909 6.510720693984796e-06
0.09524062616455434 6.579332246575683e-06
0.09602030038113814 7.742636826811277e-06
0.09623170648325857 8.157086404103995e-06
0.09673316142198513 9.111627561154886e-06
0.09727796701722627 1.0591011807906496e-05
0.0973308070499366 1.072267222010323e-05
0.09796269164198979 1.261856883066021e-05
0.09832422755119394 1.425561272020755e-05
0.09847789502663347 1.4849682622544636e-05
0.09901230790343957 1.7475284000076827e-05
0.09937048808516163 2.0266123453154646e-05
0.09941992842004677 2.0565123083486515e-05
0.09991710060841183 2.4201282647943832e-05
0.1002760991505555 2.848035868435799e-05
0.10041674861912929 3.080356802275951e-05
0.10065821858127996 3.3516026509388416e-05
0.1010393974410124 3.944206059437656e-05
0.10131463941580979 4.641588833612773e-05
0.10146300915309697 5.199795865993882e-05
0.10158778990387808 5.462277217684337e-05
0.10194325719125655 6.428073117284319e-05
0.1021999333307009 7.56463327554629e-05
0.10238527426895132 8.902150854450375e-05
0.10250926968706466 0.00010320361620531465
0.10254280729400161 0.00010476157527896639
0.10287231712916413 0.0001232846739442066
0.10311024988810294 0.000145082877849594
0.1032820565892544 0.00017073526474706887
0.10340611492696376 0.0002009233002565046
0.10349569508333753 0.00023644894126454073
0.10355553022103232 0.00027403739319433487
0.10358590959867958 0.0002782559402207126
0.10387853484864196 0.00032745491628777246
0.1040898339530355 0.0003853528593710527
0.10424240900089368 0.0004534878508128582
0.10435258052904917 0.0005336699231206301
0.10443213328545661 0.0006280291441834247
0.10448957681154704 0.0007390722033525775
0.1045310556846712 0.0008697490026177834
0.10456100678678394 0.0010235310218990247
0.10458263390560858 0.001204503540258781
0.10459825043507363 0.0014174741629268048
0.104601790755 0.001479723583304286

