0.0010219978922 0.007122561360703142
0.0010274697542252307 0.006135907273413163
0.0010355925307767996 0.005214008287999684
0.0010468416533209453 0.004430621457583878
0.0010624204098224727 0.0037649358067924636
0.0010839952173847009 0.003199267137797384
0.0011138738743430767 0.0027185882427329397
0.001155252419160284 0.002310129700083158
0.0012125570019457452 0.0019630406500402682
0.0012919173376637412 0.001668100537200059
0.0014018223850288374 0.0014174741629268048
0.0015540283872721578 0.001204503540258781
0.0017648164054232772 0.0010235310218990247
0.0020567338590138833 0.0008697490026177834
0.0020682584261676766 0.0008646460216001123
0.002104789644367043 0.0007390722033525775
0.002156865760682266 0.0006280291441834245
0.00222898526444234 0.0005336699231206301
0.002328862582311355 0.0004534878508128582
0.002467181318639529 0.0003853528593710527
0.00265873705148884 0.00032745491628777246
0.0029240199752742124 0.0002782559402207125
0.0031145189601353533 0.0002532291193179263
0.003149536152857811 0.00023644894126454073
0.003250257428713266 0.0002009233002565046
0.0033897449509548883 0.00017073526474706887
0.003582919319486808 0.000145082877849594
0.0038504438697692846 0.0001232846739442066
0.00416077949410303 0.00010703588871246307
0.004178945511736844 0.0001047615752789664
0.004333890118804145 8.902150854450375e-05
0.004548470793452625 7.56463327554629e-05
0.004845640645337813 6.428073117284319e-05
0.005207040028070707 5.550232127701096e-05
0.005225986963215442 5.462277217684337e-05
0.005441327711793139 4.641588833612773e-05
0.0057395501797041434 3.944206059437656e-05
0.006152554411157543 3.351602650938841e-05
0.0062533005620383835 3.2365640768673736e-05
0.0064524360127792765 2.848035868435799e-05
0.006787177619282323 2.4201282647943832e-05
0.007250756708066886 2.0565123083486515e-05
0.00729956109600606 2.024907992438675e-05
0.0076048595943803525 1.7475284000076827e-05
0.008062448688348527 1.4849682622544636e-05
0.008345821629973738 1.3670891661089956e-05
0.008534580644828416 1.261856883066021e-05
0.009007434500442559 1.072267222010323e-05
0.009392082163941414 9.653798659481662e-06
0.009557722345256297 9.111627561154887e-06
0.010113669672065739 7.742636826811277e-06
0.01043834269790909 7.158134793734427e-06
0.010704953609501706 6.579332246575682e-06
0.011343415664609722 5.590810182512222e-06
0.011484603231876767 5.415810295389707e-06
0.011965460388115783 4.750810162102793e-06
0.012530863765844445 4.197479458975458e-06
0.012683413601609359 4.037017258596549e-06
0.013420723847610201 3.430469286314912e-06
0.01357712429981212 3.3272242639497976e-06
0.014245969681415152 2.9150530628251757e-06
0.014623384833779795 2.730302216367733e-06
0.015111224072752083 2.477076355991709e-06
0.015669645367747474 2.246165586754494e-06
0.016028793778090376 2.104904144512022e-06
0.016715905901715154 1.8818071611650323e-06
0.01700573795232216 1.7886495290574353e-06
0.01776216643568283 1.5856226872315006e-06
0.018036862324480443 1.519911082952933e-06
0.018808426969650505 1.3600198642229143e-06
0.019162326930841845 1.2915496650148827e-06
0.01985468750361818 1.1740121041242915e-06
0.020388845635794076 1.0974987654930544e-06
0.02090094803758586 1.030955054497505e-06
0.021712868275925994 9.326033468832199e-07
0.021947208571553536 9.068237092084983e-07
0.022993469105521212 8.047123664519307e-07
0.02313754286826711 7.924828983539169e-07
0.02403972963948889 7.200351818619565e-07
0.024701565079381798 6.734150657750828e-07
0.025085990173456568 6.476791347268002e-07
0.02613225070742424 5.874885738330891e-07
0.02642233268965901 5.72236765935022e-07
0.027178511241391923 5.335455460609386e-07
0.028224771775359595 4.896835948562304e-07
0.02831285311008056 4.862601580065353e-07
0.029271032309327275 4.4918359195888085e-07
0.03031729284329495 4.163255205431815e-07
0.030424637618591762 4.1320124001153343e-07
0.031363553377262626 3.8548806665147524e-07
0.0324098139112303 3.597950800906236e-07
0.03280492031589391 3.5111917342151277e-07
0.03345607444519798 3.363905763340602e-07
0.034502334979165654 3.15674915329777e-07
0.03554785143447718 2.9836472402833343e-07
0.03554859551313333 2.983518530571738e-07
0.036594856047101 2.8120479531119936e-07
0.03764111658106868 2.666999841024525e-07
0.03868737711503636 2.5436774795398277e-07
0.038763069655290125 2.5353644939701113e-07
0.03973363764900403 2.4211884006245023e-07
0.040779898182971716 2.3148734070856959e-07
0.04182615871693939 2.2233608519446188e-07
0.042729535728410664 2.1544346900318822e-07
0.04287241925090707 2.1425628953282552e-07
0.04391867978487475 2.0620757146822753e-07
0.04496494031884242 1.9922758444539326e-07
0.04601120085281009 1.9316742725914228e-07
0.04705746138677778 1.8790420834941247e-07
0.048103721920745454 1.8333623176239962e-07
0.048170054962749065 1.8307382802953697e-07
0.04914998245471312 1.7872594661366356e-07
0.050196242988680806 1.7470597203926734e-07
0.051242503522648475 1.7125457710064685e-07
0.0515910812516877 1.7027539245133407e-07
0.05926401006597814 1.5927553722221554e-07
0.059612587794389896 1.5920381349318868e-07
0.06065884832835757 1.5933267102875326e-07
0.06170510886232525 1.5981156007639797e-07
0.06275136939629293 1.6065226178402714e-07
0.06379762993026061 1.6187292110140648e-07
0.06484389046422828 1.6349874926824736e-07
0.06589015099819596 1.6556299401189638e-07
0.06693641153216363 1.681082365332935e-07
0.06798267206613132 1.7118809650978915e-07
0.069028932600099 1.7486945595757063e-07
0.07007519313406667 1.7923535306046022e-07
0.07086484689560894 1.8307382802953697e-07
0.07112145366803435 1.8419118969653264e-07
0.07216771420200202 1.8934810921143685e-07
0.0732139747359697 1.95418081187864e-07
0.07426023526993737 2.0257029182758347e-07
0.07530649580390505 2.110176111160757e-07
0.07579117775119007 2.1544346900318822e-07
0.07635275633787272 2.2019041785562694e-07
0.0773990168718404 2.3032062560622257e-07
0.07844527740580809 2.424503218554218e-07
0.07925909846361706 2.5353644939701113e-07
0.07949153793977576 2.565393277156356e-07
0.08053779847374344 2.7162744348596937e-07
0.08158405900771111 2.9011085219960555e-07
0.08199596499578608 2.9836472402833343e-07
0.08263031954167879 3.1077992531272867e-07
0.08367658007564646 3.3507763032283495e-07
0.08426452010548202 3.5111917342151277e-07
0.08472284060961413 3.6362621305494984e-07
0.08576910114358183 3.971716025446629e-07
0.08620029802292148 4.1320124001153343e-07
0.0868153616775495 4.3672692862226205e-07
0.08786162221151718 4.859735922995427e-07
0.0878672621890729 4.862601580065353e-07
0.08890788274548483 5.425786461955503e-07
0.08936721116719584 5.72236765935022e-07
0.08995414327945253 6.134371574263978e-07
0.09068377877924046 6.734150657750828e-07
0.0910004038134202 7.023729942301358e-07
0.09185952250586957 7.924828983539169e-07
0.09204666434738788 8.14905910823021e-07
0.09292375966949647 9.326033468832199e-07
0.09309292488135557 9.593376720076014e-07
0.093895108551782 1.0974987654930544e-06
0.09413918541532323 1.1488017251179338e-06
0.09478249295432295 1.2915496650148827e-06
0.09518544594929092 1.4053774588461297e-06
0.09558428576466318 1.519911082952933e-06
0.09623170648325859 1.7689617014707765e-06
0.09628440427553885 1.7886495290574349e-06
0.09698908234537768 2.104904144512022e-06
0.09727796701722627 2.286061018980061e-06
0.09760986323909535 2.477076355991709e-06
0.09816428594041358 2.9150530628251757e-06
0.09832422755119394 3.0823134203919587e-06
0.09871410198422402 3.430469286314912e-06
0.09918292557609985 4.037017258596549e-06
0.09937048808516162 4.37456021070409e-06
0.09963981416022072 4.750810162102793e-06
0.10007590832608035 5.590810182512223e-06
0.1003908035946508 6.579332246575682e-06
0.10041674861912929 6.678318921200443e-06
0.10082690636756382 7.742636826811277e-06
0.101161220084072 9.111627561154887e-06
0.10140262163398524 1.072267222010323e-05
0.10146300915309697 1.1247465508604636e-05
0.10174516603800081 1.261856883066021e-05
0.10205690240221826 1.4849682622544637e-05
0.10228200127722828 1.7475284000076827e-05
0.10244454087589837 2.0565123083486515e-05
0.10250926968706466 2.227529171249949e-05
0.102688741612293 2.420128264794383e-05
0.10297769555809932 2.848035868435799e-05
0.10318634368387697 3.351602650938841e-05
0.1033370045107054 3.944206059437656e-05
0.10344579381641344 4.641588833612773e-05
0.10352434849638947 5.462277217684337e-05
0.10355553022103232 5.9147746941221014e-05
0.1037155412349508 6.428073117284319e-05
0.1039721396081741 7.56463327554629e-05
0.10415742439292147 8.902150854450375e-05
0.1042912149973888 0.0001047615752789664
0.10438782263772012 0.0001232846739442066
0.10445758116977504 0.000145082877849594
0.10450795247351219 0.00017073526474706887
0.1045443246299415 0.0002009233002565046
0.10457058826945778 0.00023644894126454073
0.10458955274196527 0.0002782559402207126
0.104601790755 0.0003204958782328849

